0.30238 0.30238 0.033014 0.042593 0.37499 0.015967
0.30238 0.30238 0.033694 0.02284 0.37673 0.0086035
0.30238 0.30238 0.16681 0.019136 0.38981 0.0074588
0.30238 0.30238 0.039194 0.014198 0.40901 0.0058067
0.30238 0.30238 0.027423 -0.0067901 0.412 -0.0027975
0.30238 0.30238 0.033017 -0.0092593 0.4027 -0.0037287
0.30238 0.30238 0.034215 -0.0049383 0.39392 -0.0019453
0.30238 0.30238 0.033171 -0.0055556 0.38541 -0.0021412
0.30238 0.30238 0.03849 -0.004321 0.37554 -0.0016227
0.30238 0.30238 0.028449 -0.0049383 0.36824 -0.0018185
0.30414 0.30414 0.033128 -0.0080247 0.36641 -0.0029403
0.30956 0.30956 0.032677 -0.0080247 0.35802 -0.0028729
0.31701 0.31701 0.033997 -0.0037037 0.35267 -0.0013062
0.34311 0.35272 0.099895 -0.0061728 0.34343 -0.0021199
0.33914 0.36068 0.032471 -0.0030864 0.35584 -0.0010983
0.32585 0.3775 0.032903 -0.0030864 0.34392 -0.0010615
0.32782 0.38876 0.10003 -0.0018519 0.31362 -0.00058077
0.33015 0.38643 0.03386 -0.0037037 0.34 -0.0012593
0.33241 0.38417 0.032852 -0.0037037 0.3656 -0.0013541
0.34156 0.37502 0.13321 -0.0012346 0.36354 -0.00044882
0.34387 0.37271 0.033595 -0.0018519 0.35972 -0.00066614
0.3468 0.36978 0.036928 -0.0037037 0.34295 -0.0012702
0.35837 0.35821 0.029926 -0.0030864 0.34313 -0.001059
0.35897 0.35761 0.034265 -0.0061728 0.35119 -0.0021678
0.37401 0.34256 0.39975 -0.011111 0.26227 -0.0029141
0.37696 0.33962 0.035717 -0.01358 0.25377 -0.0034461
0.38494 0.33164 0.096988 -0.014198 0.23068 -0.0032749
0.38766 0.32892 0.033015 -0.017284 0.22282 -0.0038509
0.39085 0.32573 0.038734 -0.022222 0.21359 -0.0047461
0.39314 0.32344 0.027772 -0.025309 0.20698 -0.0052379
0.39627 0.32031 0.032886 -0.02716 0.20201 -0.0054859
0.35829 0.35829 0.53488 -0.024074 0.29533 -0.007109
0.35829 0.35829 0.032938 -0.020988 0.32847 -0.0068933
0.35829 0.35829 0.13172 -0.019136 0.46101 -0.0088213
0.35772 0.35886 0.034666 -0.016049 0.49589 -0.0079584
0.35675 0.35983 0.035036 -0.010494 0.53115 -0.0055737
0.35592 0.36066 0.030204 -0.0055556 0.54795 -0.0030441
0.35486 0.36172 0.03829 -9.1982e-11 0.55135 -5.0715e-11
0.35405 0.36253 0.029386 0.0030864 0.55439 0.0017111
0.35313 0.36344 0.033181 0.0055556 0.55782 0.003099
0.35206 0.36451 0.038787 -0.00061728 0.56183 -0.00034681
0.3504 0.36618 0.060275 -0.0018519 0.57141 -0.0010582
0.32301 0.39357 0.066876 -0.0012346 0.56084 -0.00069239
0.3 0.41657 0.036553 -0.0061728 0.54902 -0.003389
0.28124 0.43534 0.031601 -0.008642 0.54351 -0.004697
0.28575 0.43083 0.031995 -0.0098765 0.54785 -0.0054108
0.2943 0.42228 0.033337 -0.011111 0.54762 -0.0060846
0.35752 0.35906 0.26696 -0.011728 0.44615 -0.0052326
0.35512 0.36145 0.10044 -0.0098765 0.43911 -0.0043368
0.34801 0.36857 0.29863 -0.0030864 0.35752 -0.0011035
0.34722 0.36936 0.033212 0.0018519 0.34976 0.00064771
0.34414 0.37244 0.039456 0.0037037 0.34055 0.0012613
0.3169 0.39968 0.028084 0.012963 0.33399 0.0043294
0.28056 0.43602 0.032986 0.016049 0.32628 0.0052364
0.25636 0.46022 0.032735 0.018519 0.31864 0.0059004
0.23376 0.48282 0.03377 0.019753 0.31075 0.0061379
0.23062 0.48596 0.035879 0.02037 0.30237 0.006159
0.23976 0.47682 0.031712 0.019136 0.29799 0.0057019
0.24899 0.46758 0.032052 0.016667 0.29621 0.0049366
0.25857 0.45801 0.033212 0.01358 0.29248 0.0039718
0.26442 0.45216 0.033431 0.012346 0.28437 0.0035106
0.26696 0.44962 0.036416 0.0061728 0.27191 0.0016785
0.26981 0.44677 0.030529 0.0024691 0.27011 0.00066695
0.27362 0.44296 0.034436 -4.5991e-11 0.25878 -1.1902e-11
0.29048 0.42609 0.032001 -0.0018519 0.24261 -0.00044927
0.35815 0.35815 0.033461 -0.0018519 0.24023 -0.00044487
0.35597 0.35597 0.036146 -0.0037037 0.23374 -0.00086572
0.35415 0.35415 0.030217 -0.0037037 0.22776 -0.00084357
0.3521 0.3521 0.03397 -0.004321 0.21689 -0.00093717
0.35004 0.35004 0.034166 -0.0055556 0.20762 -0.0011534
0.34797 0.34797 0.034228 0.0092593 0.20664 0.0019133
0.34571 0.34571 0.03742 0.0098765 0.20779 0.0020522
0.26741 0.26741 0.033135 -0.0037037 0.29429 -0.0010899
0.26775 0.26775 0.036119 -0.0055556 0.28068 -0.0015593
0.26805 0.26805 0.031964 -0.0080247 0.26864 -0.0021558
0.26834 0.26834 0.031919 -0.011728 0.26813 -0.0031446
0.26866 0.26866 0.033617 -0.011111 0.24141 -0.0026823
0.27045 0.27045 0.031982 -0.0012346 0.31867 -0.00039342
0.27045 0.27045 0.033597 -0.0055556 0.41103 -0.0022835
0.27045 0.27045 0.039642 -0.0080247 0.52 -0.0041728
0.27045 0.27045 0.026725 -0.0067901 0.53234 -0.0036147
0.2707 0.2707 0.033595 -0.0061728 0.51927 -0.0032053
0.27222 0.27222 0.033957 -0.0080247 0.52402 -0.0042051
0.27374 0.27374 0.033793 -0.008642 0.51844 -0.0044803
0.27543 0.27543 0.037801 -0.008642 0.50544 -0.004368
0.2767 0.2767 0.028269 -0.004321 0.49883 -0.0021554
0.27818 0.27818 0.032851 -0.0055556 0.48868 -0.0027149
0.27865 0.27865 0.033238 4.5991e-11 0.47906 2.2032e-11
0.27892 0.27892 0.034568 -0.00061728 0.47561 -0.00029359
0.27924 0.27924 0.040598 -0.0012346 0.46225 -0.00057067
0.27945 0.27945 0.026427 4.5991e-11 0.45077 2.0731e-11
0.2797 0.2797 0.031512 0.00061728 0.44375 0.00027392
0.27997 0.27997 0.033564 0.0012346 0.44308 0.00054701
0.28023 0.28023 0.033467 4.5991e-11 0.44058 2.0263e-11
0.28055 0.28055 0.040252 -0.0024691 0.43512 -0.0010744
0.28076 0.28076 0.026208 -0.0030864 0.43426 -0.0013403
0.28102 0.28102 0.033778 -0.0080247 0.43236 -0.0034696
0.28186 0.28186 0.10579 -0.0067901 0.42112 -0.0028594
0.28208 0.28208 0.027944 -0.0055556 0.41922 -0.002329
0.28233 0.28233 0.032291 -0.0092593 0.41294 -0.0038235
0.28356 0.28356 0.034292 -0.008642 0.40581 -0.003507
0.28519 0.28519 0.0327 -0.010494 0.39971 -0.0041944
0.28699 0.28699 0.035946 -0.0074074 0.39269 -0.0029088
0.2885 0.2885 0.030276 -0.008642 0.39022 -0.0033723
0.29022 0.29022 0.034337 -0.0074074 0.38743 -0.0028698
0.29232 0.29232 0.032017 -0.0037037 0.39055 -0.0014465
0.2951 0.2951 0.033689 -0.004321 0.38714 -0.0016728
0.29599 0.30878 0.13392 -0.0067901 0.36559 -0.0024824
0.29322 0.31155 0.044061 -0.0024691 0.34676 -0.00085619
0.29144 0.31333 0.028336 -0.0030864 0.35113 -0.0010837
0.28969 0.31508 0.027821 -0.0024691 0.34767 -0.00085844
0.28761 0.31716 0.033053 -0.0018519 0.3365 -0.00062315
0.28552 0.31925 0.03317 0.0018519 0.32801 0.00060743
0.28339 0.32138 0.033892 0.0018519 0.31934 0.00059137
0.2812 0.32357 0.034771 4.5991e-11 0.31045 1.4278e-11
0.27922 0.32555 0.031622 0.0024691 0.30719 0.00075848
0.27016 0.33461 0.031896 0.0074074 0.30615 0.0022677
0.23803 0.36674 0.033862 0.008642 0.29296 0.0025317
0.22566 0.37911 0.032897 0.011728 0.28715 0.0033678
0.19239 0.41238 0.039328 0.017284 0.29002 0.0050125
0.17019 0.43458 0.029414 0.015432 0.28138 0.0043421
0.15677 0.448 0.032203 0.014198 0.27115 0.0038495
0.16074 0.44403 0.032654 0.014815 0.26813 0.0039722
0.16473 0.44004 0.032773 0.016667 0.2606 0.0043431
0.16963 0.43514 0.040213 0.015432 0.24797 0.0038265
0.17308 0.43169 0.028325 0.011728 0.24546 0.0028788
0.17693 0.42784 0.031614 0.0080247 0.23613 0.0018949
0.18538 0.41939 0.033756 0.004321 0.22365 0.0009664
0.20095 0.40382 0.033154 -0.0012346 0.22994 -0.00028387
0.26319 0.34158 0.036578 -0.00061728 0.22702 -0.00014013
0.2844 0.32037 0.030232 2.1684e-19 0.22031 4.7773e-20
0.29327 0.3115 0.034455 -2.1684e-19 0.21735 -4.7131e-20
0.30157 0.30157 0.034702 -0.00061728 0.21048 -0.00012992
0.29835 0.29835 0.031596 -0.0024691 0.20221 -0.00049928
0.56124 -0.020341 0.026539 -0.037654 0.28076 -0.010569
0.59875 -0.057855 0.033129 -0.044444 0.26274 -0.011674
0.60439 -0.064814 0.034949 -0.053086 0.24374 -0.012933
0.59672 -0.074834 0.032603 -0.059259 0.22601 -0.013385
0.58797 -0.086275 0.037228 -0.066667 0.20576 -0.013707
0.56061 0.43939 0.029862 -0.010494 0.35256 -0.0036997
0.55615 0.44385 0.034993 -0.008642 0.46408 -0.0040106
0.54816 0.45184 0.031904 -0.0067901 0.52129 -0.0035396
0.53983 0.46017 0.033271 -0.0061728 0.51055 -0.0031515
0.53075 0.46925 0.036241 -0.0061728 0.4895 -0.0030216
0.51947 0.48053 0.03037 -0.0061728 0.47382 -0.0029248
0.49968 0.49968 0.033575 -0.0018519 0.4634 -0.00085814
0.49861 0.49861 0.034795 -0.0024691 0.45669 -0.0011276
0.49455 0.49455 0.13219 -0.0018519 0.43398 -0.00080367
0.49352 0.49352 0.033474 -0.004321 0.4245 -0.0018343
0.49048 0.49048 0.098773 -0.0049383 0.42219 -0.0020849
0.48945 0.48945 0.033372 -0.0049383 0.41509 -0.0020498
0.48842 0.48842 0.03358 -0.0049383 0.40794 -0.0020145
0.48738 0.48738 0.033757 -0.0012346 0.40076 -0.00049477
0.48617 0.48617 0.039379 -0.00061728 0.40334 -0.00024898
0.48258 0.48258 0.027445 -0.0098765 0.39873 -0.003938
0.45741 0.45741 0.032983 -0.0098765 0.38313 -0.003784
0.44989 0.44989 0.032977 -0.0098765 0.36754 -0.00363
0.44679 0.44679 0.0336 -0.0074074 0.36029 -0.0026688
0.10763 0.10763 0.36971 -0.0080247 0.2753 -0.0022092
0.14412 0.14412 0.033717 -0.004321 0.24176 -0.0010447
0.14854 0.14854 0.033026 -0.0018519 0.23904 -0.00044266
0.15065 0.15065 0.034777 0.0018519 0.23764 0.00044007
0.1531 0.1531 0.04041 0.0030864 0.23485 0.00072486
0.15455 0.15455 0.023763 0.0061728 0.23146 0.0014288
0.15278 0.15655 0.033553 0.0098765 0.22726 0.0022445
0.1429 0.17268 0.033227 0.015432 0.22769 0.0035136
0.11578 0.20153 0.033392 0.014198 0.23271 0.0033038
0.02669 0.31295 0.040023 0.020988 0.23173 0.0048631
-0.0055707 0.34686 0.02693 0.025926 0.22646 0.0058706
-0.016381 0.35767 0.033321 0.025309 0.22049 0.0055798
-0.009388 0.35068 0.036566 0.022222 0.21925 0.0048719
-0.0015017 0.3428 0.032189 0.026543 0.22419 0.00595
0.0077076 0.33359 0.037589 0.024691 0.21708 0.0053594
0.014781 0.32651 0.028872 0.022222 0.21346 0.0047432
0.031804 0.30949 0.03105 0.017284 0.20895 0.0036113
0.13666 0.20463 0.033873 0.023457 0.20247 0.004749
0.20548 0.20548 0.13393 0.024691 0.2042 0.0050414
0.24666 0.24666 0.033553 0.025309 0.20368 0.0051544
0.28911 0.28911 0.031913 0.02284 0.20238 0.0046218
0.30482 0.47563 0.16658 -0.045679 0.37321 -0.017042
0.30482 0.47563 0.039694 -0.031481 0.36688 -0.011548
0.30486 0.47567 0.029085 -0.053086 0.36225 -0.019221
0.30653 0.47734 0.031956 -0.038272 0.35599 -0.013621
0.30828 0.47909 0.03342 -0.040741 0.34843 -0.014191
0.31029 0.47814 0.03548 -0.025926 0.34041 -0.0088243
0.31225 0.47618 0.033482 -0.0092593 0.33283 -0.0030817
0.314 0.47443 0.029941 0.0067901 0.32606 0.0022139
0.316 0.47244 0.034064 0.0055556 0.31938 0.0017743
0.31791 0.47053 0.032708 0.0037037 0.31177 0.0011547
0.31986 0.46858 0.033252 0.0061728 0.31649 0.0019537
0.3241 0.46434 0.066901 0.0080247 0.32554 0.0026123
0.32537 0.46307 0.033318 0.0080247 0.31899 0.0025598
0.32622 0.46222 0.033599 0.0061728 0.33071 0.0020414
0.32706 0.46138 0.033297 -0.0061728 0.33089 -0.0020425
0.32807 0.46037 0.039864 -0.010494 0.31855 -0.0033427
0.32877 0.45967 0.027697 -0.015432 0.32468 -0.0050103
0.32957 0.45886 0.031891 -0.020988 0.32244 -0.0067667
0.33044 0.458 0.03413 -0.025309 0.29951 -0.0075793
0.33356 0.45487 0.032821 -0.030247 0.29305 -0.0088627
0.38484 0.4154 0.066266 -0.034568 0.29429 -0.010171
0.40808 0.40808 0.034753 -0.038272 0.28881 -0.011051
0.42615 0.42615 0.26982 -0.042593 0.28223 -0.012017
0.42615 0.42615 0.16515 -0.018519 0.29685 -0.0054969
0.42615 0.42615 0.030153 -0.017284 0.29952 -0.0051766
0.42615 0.42615 0.16768 -0.014198 0.27779 -0.0039437
0.42615 0.42615 0.031834 -0.0092593 0.2703 -0.0025027
0.42615 0.42615 0.033451 -0.0061728 0.25928 -0.0016005
0.42615 0.42615 0.033641 -0.0024691 0.24471 -0.00060423
0.42615 0.42615 0.036537 -0.00061728 0.23049 -0.00014228
0.39756 0.45475 0.69627 0.00061728 0.26328 0.00016252
0.39665 0.45566 0.033814 0.00061728 0.44106 0.00027226
0.39567 0.45664 0.035996 0.00061728 0.55434 0.00034218
0.39436 0.45795 0.030225 0.0024691 0.54779 0.0013526
0.38713 0.46518 0.039204 0.004321 0.53576 0.002315
0.37902 0.47329 0.027593 0.008642 0.52711 0.0045552
0.36705 0.48526 0.033035 0.0098765 0.5178 0.005114
0.35862 0.49369 0.033121 0.010494 0.51122 0.0053646
0.35365 0.49866 0.033837 0.0074074 0.49572 0.003672
0.34911 0.5032 0.035377 0.0080247 0.48504 0.0038923
0.34542 0.50689 0.031946 0.0098765 0.48025 0.0047432
0.3421 0.51021 0.032 0.011728 0.472 0.0055357
0.33263 0.51968 0.033197 0.012963 0.46196 0.0059882
0.32323 0.52908 0.033288 0.012963 0.45084 0.0058441
0.31734 0.53496 0.036516 0.011111 0.44799 0.0049775
0.31563 0.53668 0.030147 0.010494 0.44366 0.0046556
0.31198 0.54033 0.036074 0.010494 0.43801 0.0045963
0.30937 0.54294 0.030769 0.011728 0.43363 0.0050856
0.31618 0.53613 0.033361 0.010494 0.42257 0.0044343
0.32353 0.52878 0.036043 0.0092593 0.4173 0.0038639
0.32981 0.52249 0.030836 0.0080247 0.41422 0.003324
0.33651 0.51579 0.032853 0.0049383 0.40756 0.0020126
0.34358 0.50873 0.03466 0.004321 0.39858 0.0017222
0.35016 0.50215 0.032263 0.004321 0.38742 0.001674
0.37278 0.47953 0.036692 0.004321 0.38528 0.0016648
0.37942 0.47289 0.030231 0.0024691 0.38365 0.00094727
0.38406 0.46825 0.034052 0.0012346 0.37591 0.00046409
0.38854 0.46377 0.032906 0.0018519 0.37062 0.00068634
0.39292 0.45939 0.034839 0.0012346 0.36085 0.0004455
0.39733 0.45498 0.034112 0.00061728 0.3528 0.00021778
0.40366 0.44865 0.030236 0.00061728 0.34933 0.00021563
0.41489 0.43741 0.033458 -0.0012346 0.34216 -0.00042242
0.4256 0.42671 0.034233 -0.0024691 0.33168 -0.00081895
0.42557 0.42557 0.036915 -0.004321 0.32724 -0.001414
0.41875 0.41875 0.035232 -0.0037037 0.32086 -0.0011884
0.41345 0.41345 0.027367 -0.0030864 0.31361 -0.00096793
0.40687 0.40687 0.033997 -0.0049383 0.3032 -0.0014973
0.40121 0.40121 0.032399 -0.0055556 0.29629 -0.0016461
0.39552 0.39552 0.032997 -0.0061728 0.2839 -0.0017525
0.37928 0.37928 0.036684 -0.0061728 0.2697 -0.0016648
0.34011 0.34011 0.031354 -0.0037037 0.25873 -0.00095826
0.26104 0.26104 0.0322 -0.0024691 0.24478 -0.00060439
0.17965 0.17965 0.033172 -0.0012346 0.24232 -0.00029915
0.12614 0.12614 0.99969 -0.011111 0.20958 -0.0023287
0.17467 0.17467 0.033229 -0.012346 0.20757 -0.0025626
0.42625 0.23633 0.031634 0.048148 0.37574 0.018084
0.42769 0.22499 0.27146 0.055556 0.35265 0.019582
0.42769 0.22499 0.027569 0.048148 0.33558 0.016151
0.42789 0.22478 0.0342 0.038272 0.31441 0.01203
0.42876 0.22392 0.032469 0.025309 0.2943 0.0074475
0.42965 0.22303 0.03328 0.015432 0.27369 0.0042235
0.43071 0.22196 0.039834 0.0067901 0.24903 0.0016909
0.42754 0.21845 0.027979 -0.0037037 0.2317 -0.00085816
0.42292 0.21311 0.032012 -0.016667 0.21188 -0.0035312
0.38723 0.24149 0.038579 -0.020988 0.34586 -0.0072583
0.38586 0.24286 0.027615 -0.020988 0.3748 -0.0078656
0.38422 0.2445 0.03309 -0.022222 0.40948 -0.0090988
0.38257 0.24615 0.033196 -0.020988 0.44427 -0.0093235
0.38091 0.24781 0.033494 -0.019136 0.47937 -0.0091726
0.37911 0.24961 0.036299 -0.017901 0.51741 -0.0092618
0.37755 0.25117 0.031516 -0.016049 0.55044 -0.0088338
0.37761 0.25155 0.032016 -0.014815 0.55979 -0.0082929
0.37786 0.25181 0.033464 -0.014815 0.5487 -0.0081286
0.37811 0.25206 0.033299 -0.016049 0.54776 -0.0087908
0.3784 0.25234 0.037129 -0.015432 0.5319 -0.008208
0.37862 0.25257 0.029604 -0.012346 0.522 -0.0064442
0.37888 0.25283 0.034357 -0.01358 0.52129 -0.007079
0.37913 0.25307 0.032063 -0.01358 0.51722 -0.0070238
0.37938 0.25333 0.033329 -0.01358 0.50632 -0.0068757
0.37968 0.25363 0.039861 -0.015432 0.50023 -0.0077192
0.37989 0.25384 0.02697 -0.016049 0.48925 -0.0078519
0.38014 0.25409 0.033626 -0.01358 0.4762 -0.0064668
0.3804 0.25435 0.034056 -0.011728 0.46705 -0.0054776
0.38065 0.25459 0.031967 -0.012346 0.45761 -0.0056494
0.38093 0.25487 0.036716 -0.014815 0.45051 -0.006674
0.38116 0.25511 0.030962 -0.012346 0.44017 -0.0054341
0.38044 0.25627 0.03314 -0.011728 0.43598 -0.0051132
0.37347 0.26324 0.033644 -0.010494 0.43613 -0.0045766
0.36626 0.27045 0.034792 -0.0055556 0.42841 -0.00238
0.35255 0.28416 0.039895 -0.0024691 0.41382 -0.0010218
0.32011 0.3166 0.024974 -0.0018519 0.41076 -0.00076066
0.3181 0.31861 0.033378 0.0024691 0.4088 0.0010094
0.31621 0.3205 0.032507 0.0061728 0.40218 0.0024826
0.31426 0.32245 0.033618 0.008642 0.39724 0.0034329
0.31199 0.32472 0.039004 0.0080247 0.39544 0.0031733
0.25341 0.39926 0.19529 0.0092593 0.37361 0.0034593
0.22699 0.42569 0.13458 0.0098765 0.35219 0.0034784
0.20909 0.44358 0.031001 0.0092593 0.3496 0.003237
0.18433 0.46835 0.034496 0.0092593 0.34671 0.0032102
0.18152 0.47115 0.031553 0.008642 0.34407 0.0029734
0.19631 0.45636 0.034447 0.0049383 0.34061 0.001682
0.21164 0.44103 0.035713 0.0030864 0.33634 0.0010381
0.22461 0.42807 0.030206 -0.00061728 0.33272 -0.00020538
0.23888 0.4138 0.033237 -0.00061728 0.32875 -0.00020293
0.25368 0.39899 0.03449 0.017901 0.32098 0.0057457
0.30955 0.34313 0.031798 0.035185 0.31672 0.011142
0.31559 0.33708 0.036716 0.051235 0.30985 0.015868
0.3181 0.33457 0.031279 0.062963 0.30526 0.019207
0.32634 0.32634 0.033269 0.080247 0.29971 0.024025
0.32634 0.32634 0.13205 0.091358 0.26968 0.024603
0.32634 0.32634 0.033979 0.10185 0.2644 0.026883
0.32634 0.32634 0.23244 0.12099 0.21886 0.026415
0.2712 0.14993 0.036051 -0.030864 0.33173 -0.010237
0.27915 0.14198 0.03014 -0.024691 0.41583 -0.010266
0.27701 0.14412 0.034105 -0.019753 0.511 -0.010093
0.27312 0.14801 0.039178 -0.017284 0.5518 -0.0095368
0.27044 0.1507 0.027061 -0.016049 0.54093 -0.0086812
0.26709 0.15404 0.033716 -0.015432 0.53289 -0.0082233
0.26372 0.15741 0.033957 -0.01358 0.5286 -0.0071784
0.26056 0.16058 0.031883 -0.012963 0.5231 -0.0067808
0.25695 0.16419 0.036377 -0.01358 0.52279 -0.0070994
0.25381 0.16732 0.031636 -0.012963 0.50925 -0.0066012
0.24747 0.17367 0.03323 -0.012346 0.49929 -0.0061639
0.21057 0.21057 0.13217 -0.012346 0.47967 -0.0059216
0.21057 0.21057 0.033529 -0.012346 0.46992 -0.0058014
0.20762 0.21351 0.13351 -0.011728 0.45404 -0.005325
0.20613 0.21501 0.033514 -0.011111 0.4511 -0.0050122
0.20466 0.21647 0.032773 -0.010494 0.44823 -0.0047036
0.20318 0.21795 0.033225 -0.0074074 0.44656 -0.0033078
0.20152 0.21961 0.037182 -0.0037037 0.44592 -0.0016515
0.20016 0.22097 0.030442 -0.004321 0.44528 -0.0019241
0.1987 0.22244 0.032793 -0.0030864 0.4446 -0.0013722
0.17792 0.24321 0.033049 0.0030864 0.44392 0.0013701
0.15902 0.26212 0.03316 0.0037037 0.43457 0.0016095
0.18061 0.24053 0.1335 0.004321 0.41885 0.0018098
0.18815 0.23298 0.03492 0.0037037 0.41922 0.0015526
0.19151 0.22962 0.034514 0.0049383 0.41057 0.0020275
0.19012 0.23101 0.030311 0.0030864 0.40841 0.0012605
0.18243 0.2387 0.16771 -0.00061728 0.39689 -0.00024499
0.1808 0.24033 0.035552 0.0018519 0.38634 0.00071545
0.14481 0.27632 0.27055 -0.004321 0.34586 -0.0014944
0.14419 0.27694 0.025977 -0.0098765 0.34414 -0.0033989
0.14338 0.27775 0.033903 -0.0092593 0.34191 -0.0031657
0.14259 0.27855 0.033141 -0.008642 0.33972 -0.0029358
0.14178 0.27936 0.033845 -0.012346 0.33749 -0.0041664
0.13903 0.2821 0.13249 -0.014198 0.33187 -0.0047115
0.13837 0.28276 0.033217 -0.012346 0.32414 -0.0040017
0.13519 0.28595 0.036566 -0.0061728 0.31704 -0.001957
0.13075 0.29038 0.030491 -0.0061728 0.31586 -0.0019497
0.12122 0.29991 0.099457 0.0074074 0.30881 0.0022875
0.1125 0.30863 0.04058 0.011728 0.308 0.0036123
0.10386 0.31728 0.02601 0.012963 0.30275 0.0039245
0.10038 0.32075 0.033221 0.01358 0.29612 0.0040213
0.10878 0.31236 0.066566 0.025926 0.28802 0.0074662
0.11464 0.3065 0.036462 0.02716 0.28326 0.0076927
0.1197 0.30143 0.031536 0.02716 0.27916 0.0075811
0.12498 0.29616 0.032823 0.020988 0.28218 0.0059219
0.13184 0.2893 0.033274 0.019753 0.27989 0.0055282
0.13409 0.28705 0.034702 0.012963 0.26281 0.0034067
0.1363 0.28483 0.034158 0.011111 0.25524 0.0028359
0.13641 0.28472 0.030801 0.008642 0.24592 0.0021252
0.12744 0.29369 0.033106 0.0080247 0.25221 0.0020239
0.11863 0.3025 0.033321 0.0012346 0.25799 0.00031851
0.11487 0.30626 0.033299 0.0018519 0.24703 0.00045746
0.10783 0.3133 0.040392 0.00061728 0.24495 0.0001512
0.10267 0.31847 0.026494 0.0061728 0.24485 0.0015114
0.097499 0.32364 0.032967 0.0055556 0.24186 0.0013437
0.093292 0.32784 0.0344 0.0055556 0.23408 0.0013005
0.10653 0.31461 0.032476 0.0049383 0.23086 0.00114
0.12168 0.29946 0.03636 0.0061728 0.23316 0.0014393
0.13471 0.28642 0.031279 0.004321 0.23362 0.0010095
0.15061 0.26749 0.031964 0.0037037 0.22981 0.00085113
0.17171 0.17282 0.034365 0.0018519 0.22074 0.00040877
0.13272 0.13272 0.032371 0.0024691 0.21086 0.00052064
0.14682 -0.087817 0.034401 -0.037037 0.22359 -0.0082791
0.15636 -0.078275 0.23546 -0.02963 0.31116 -0.0092182
0.20878 -0.025855 0.097216 -0.025926 0.33381 -0.0086533
0.2207 -0.013936 0.033134 -0.02716 0.3394 -0.0092173
0.2646 0.023575 0.13355 -0.026543 0.35018 -0.0092937
0.26771 0.026681 0.033217 -0.027778 0.32764 -0.0090999
0.27201 0.030983 0.035623 -0.030864 0.30347 -0.0093647
0.27572 0.034698 0.030768 -0.031481 0.29107 -0.0091619
0.28593 0.042058 0.033632 -0.032099 0.28546 -0.0091615
0.31961 0.056835 0.033764 -0.037037 0.27953 -0.01035
0.38777 0.0094114 0.20016 -0.045062 0.26289 -0.011842
0.38746 0.0097214 0.03431 -0.046914 0.25822 -0.012109
0.385 0.012184 0.030843 -0.041975 0.27761 -0.011649
0.38231 0.014874 0.033684 -0.040123 0.32432 -0.013009
0.37963 0.017553 0.03354 -0.03642 0.37084 -0.013503
0.3739 0.023281 0.07173 -0.033333 0.47032 -0.015674
0.37165 0.025533 0.028204 -0.02963 0.50944 -0.015092
0.36903 0.028149 0.03275 -0.024074 0.52903 -0.012735
0.36631 0.030869 0.034063 -0.02037 0.52297 -0.010652
0.36176 0.035427 0.032677 -0.014198 0.52225 -0.0074145
0.30438 0.092799 0.035863 -0.0098765 0.51975 -0.0051333
0.22105 0.17613 0.032188 -0.011728 0.5082 -0.0059602
0.19859 0.19859 0.032121 -0.0055556 0.48912 -0.0027173
0.19859 0.19859 0.033106 -0.004321 0.48475 -0.0020946
0.19859 0.19859 0.033802 0.0037037 0.50296 0.0018628
0.19859 0.19859 0.036299 0.0049383 0.50476 0.0024926
0.19859 0.19859 0.064637 0.004321 0.5002 0.0021613
0.19859 0.19859 0.032251 0.0055556 0.48969 0.0027205
0.19859 0.19859 0.033314 0.0018519 0.4827 0.0008939
0.19859 0.19859 0.0358 -2.7595e-10 0.48301 -1.3329e-10
0.19859 0.19859 0.13107 0.0024691 0.43265 0.0010683
0.19859 0.19859 0.035334 -0.0055556 0.4266 -0.00237
0.19616 0.20102 0.13311 -0.0049383 0.41438 -0.0020463
0.19515 0.20203 0.037977 -0.016667 0.40681 -0.0067798
0.19444 0.20275 0.027204 -0.016667 0.40139 -0.0066895
0.19357 0.20361 0.032726 -0.012963 0.39674 -0.0051427
0.19077 0.20641 0.10581 -0.011111 0.40001 -0.0044444
0.19003 0.20715 0.028045 -0.0018519 0.40158 -0.00074367
0.18917 0.20802 0.032851 0.00061728 0.39237 0.0002422
0.18828 0.2089 0.033537 0.0018519 0.38401 0.00071114
0.18742 0.20977 0.032605 0.0080247 0.38934 0.0031243
0.17744 0.21974 0.039939 0.0092593 0.37803 0.0035002
0.11631 0.28087 0.059872 0.016667 0.37168 0.0061945
0.064863 0.33232 0.067199 0.016667 0.37054 0.0061754
0.033329 0.36385 0.035432 0.012963 0.37547 0.0048671
0.03774 0.35944 0.030629 0.012346 0.3706 0.0045752
0.047874 0.34931 0.034682 0.0067901 0.36911 0.0025063
0.057374 0.33981 0.03251 0.0055556 0.35422 0.0019679
0.066928 0.33025 0.032697 0.0049383 0.32955 0.0016274
0.077543 0.31964 0.03633 0.0018519 0.33118 0.0006133
0.10301 0.29418 0.030456 -0.0018519 0.35363 -0.00065486
0.116 0.28119 0.03357 -0.0012346 0.36585 -0.00045167
0.12065 0.27653 0.034266 -0.00061728 0.36309 -0.00022413
0.13756 0.26251 0.03258 -0.00061728 0.36149 -0.00022314
0.15925 0.27258 0.035993 -0.0012346 0.36063 -0.00044523
0.16714 0.28047 0.13165 0.0012346 0.36085 0.00044549
0.16757 0.2809 0.034525 0.0024691 0.37665 0.00093
0.16795 0.28128 0.03074 0.0024691 0.36784 0.00090826
0.16987 0.2832 0.16677 0.004321 0.35351 0.0015275
0.16987 0.2832 0.033131 0.0055556 0.35001 0.0019445
0.16987 0.2832 0.033029 0.0037037 0.34594 0.0012813
0.16987 0.2832 0.033747 0.0049383 0.34208 0.0016893
0.16987 0.2832 0.039402 0.0055556 0.33794 0.0018774
0.16987 0.2832 0.028022 0.0061728 0.33499 0.0020678
0.16987 0.2832 0.032008 0.0037037 0.33163 0.0012282
0.16987 0.2832 0.033987 0.0012346 0.32805 0.000405
0.16987 0.2832 0.032664 0.0012346 0.32162 0.00039706
0.16987 0.2832 0.13383 0.0012346 0.31 0.00038271
0.17095 0.28212 0.13286 0.0024691 0.28662 0.00070772
0.17164 0.28143 0.034499 0.0018519 0.2819 0.00052203
0.17228 0.28079 0.032117 -0.0024691 0.2775 -0.00068518
0.173 0.28007 0.036294 -0.0024691 0.27252 -0.0006729
0.17361 0.27946 0.030477 -0.0024691 0.26872 -0.00066351
0.1743 0.27877 0.034626 -0.00061728 0.26478 -0.00016344
0.17498 0.27809 0.033965 0.0012346 0.26091 0.00032211
0.17566 0.27741 0.033907 -0.0024691 0.25705 -0.00063469
0.17631 0.27676 0.034427 -0.0055556 0.24671 -0.0013706
0.17666 0.27641 0.029443 -0.0061728 0.24319 -0.0015012
0.17706 0.27601 0.0337 -0.0049383 0.24681 -0.0012188
0.17746 0.27562 0.033473 -0.0030864 0.24528 -0.00075703
0.17785 0.27522 0.033617 -0.0018519 0.24157 -0.00044734
0.17832 0.27475 0.039493 -0.0030864 0.23197 -0.00071595
0.17865 0.27442 0.027433 -0.0055556 0.22547 -0.0012526
0.17903 0.27404 0.032377 -0.0061728 0.22242 -0.0013729
0.17943 0.27364 0.033441 -0.00061728 0.21885 -0.00013509
0.16124 0.24921 0.03293 0.004321 0.21527 0.00093017
0.13929 0.21876 0.03633 0.0055556 0.21189 0.0011772
0.10973 0.17835 0.032229 0.004321 0.20935 0.00090459
0.068801 0.13246 0.032703 0.0067901 0.20646 0.0014019
0.30849 -0.015128 0.032097 -0.046296 0.20559 -0.0095148
0.22248 0.25454 0.033193 0.0061728 0.37031 0.0022859
0.21395 0.26307 0.03904 0.008642 0.49577 0.0042844
0.14571 0.33132 0.061598 0.014198 0.53353 0.0075745
0.13668 0.34035 0.033252 0.01358 0.52746 0.0071628
0.13305 0.34397 0.033084 0.012963 0.5131 0.0066511
0.12953 0.34749 0.037298 0.011111 0.5049 0.0056098
0.13 0.34703 0.030206 0.008642 0.50622 0.0043747
0.15093 0.3261 0.03211 0.0055556 0.50396 0.0027998
0.17291 0.30412 0.033719 0.0049383 0.49543 0.0024465
0.19647 0.28056 0.032881 0.0049383 0.47336 0.0023375
0.21724 0.25978 0.036167 0.0024691 0.47911 0.001183
0.2326 0.24443 0.030835 -0.00061728 0.49071 -0.00030291
0.23828 0.23875 0.034375 -0.0012346 0.48545 -0.00059933
0.23782 0.23921 0.03206 -0.0012346 0.48259 -0.00059579
0.23701 0.24001 0.033579 -0.0037037 0.4842 -0.0017933
0.23615 0.24087 0.036176 -0.0037037 0.48288 -0.0017884
0.23543 0.2416 0.030148 -0.0061728 0.4742 -0.0029271
0.23463 0.2424 0.03356 -0.0080247 0.4647 -0.0037291
0.2338 0.24322 0.034398 -0.008642 0.46466 -0.0040155
0.23303 0.24399 0.032251 -0.0074074 0.46566 -0.0034493
0.23217 0.24485 0.035888 -0.0074074 0.45745 -0.0033885
0.23144 0.24558 0.030708 -0.0061728 0.44827 -0.0027671
0.23061 0.24641 0.034551 -0.0067901 0.44216 -0.0030023
0.2298 0.24723 0.034088 -0.0067901 0.43964 -0.0029852
0.22896 0.24806 0.035008 -0.0061728 0.43747 -0.0027004
0.22809 0.24894 0.03651 -0.004321 0.44125 -0.0019066
0.22746 0.24957 0.026386 -0.00061728 0.44387 -0.00027399
0.22663 0.25039 0.034542 -0.00061728 0.4348 -0.0002684
0.2129 0.26412 0.032027 -0.0018519 0.42868 -0.00079385
0.19881 0.27822 0.033537 -0.0018519 0.43227 -0.0008005
0.16916 0.30786 0.038845 -0.0024691 0.42568 -0.0010511
0.16137 0.31565 0.02783 -0.0018519 0.42273 -0.00078283
0.15798 0.31905 0.033152 0.004321 0.42252 0.0018257
0.15589 0.32113 0.033603 0.0049383 0.42222 0.002085
0.15383 0.32319 0.033201 0.0037037 0.42087 0.0015588
0.15133 0.32569 0.035582 0.0018519 0.41008 0.0007594
0.14892 0.3281 0.032361 0.0024691 0.40781 0.0010069
0.14664 0.33039 0.031629 0.0061728 0.40242 0.002484
0.14524 0.33178 0.033947 0.0067901 0.38846 0.0026377
0.14389 0.33313 0.032886 0.0080247 0.38353 0.0030777
0.14069 0.33633 0.03644 0.010494 0.37578 0.0039433
0.13753 0.3395 0.030612 0.0092593 0.37455 0.003468
0.13096 0.34607 0.033818 0.011728 0.37919 0.0044472
0.12404 0.35298 0.032384 0.014815 0.37617 0.0055727
0.11147 0.36555 0.033373 0.017284 0.36764 0.006354
0.10189 0.37514 0.036005 0.02037 0.35907 0.007314
0.095192 0.38183 0.030538 0.019136 0.35969 0.0068825
0.08637 0.39065 0.03318 0.020988 0.35604 0.0074718
0.096125 0.3809 0.13329 0.020988 0.33588 0.0070489
0.099901 0.37712 0.034459 0.017901 0.33532 0.0060024
0.16332 0.31371 0.23235 0.014815 0.30234 0.004479
0.19142 0.2856 0.038622 0.010494 0.29638 0.0031101
0.21485 0.26217 0.02771 0.0074074 0.29199 0.0021629
0.22273 0.25429 0.0342 0.004321 0.28658 0.0012383
0.22848 0.24854 0.032379 0.0012346 0.28145 0.00034747
0.23476 0.24227 0.033358 -0.00061728 0.27617 -0.00017047
0.2372 0.23983 0.036179 -0.0049383 0.27044 -0.0013355
0.23831 0.23871 0.031706 -0.0067901 0.26542 -0.0018022
0.23851 0.23851 0.032189 -0.0067901 0.26078 -0.0017707
0.23851 0.23851 0.033121 -0.0074074 0.25989 -0.0019251
0.23851 0.23851 0.033368 -0.0067901 0.26105 -0.0017725
0.23946 0.23946 0.036675 -0.0061728 0.25472 -0.0015723
0.24078 0.24078 0.029751 -0.0074074 0.24968 -0.0018495
0.24233 0.24233 0.034719 -0.0067901 0.24281 -0.0016487
0.24376 0.24376 0.032061 -0.0067901 0.23356 -0.0015859
0.24526 0.24526 0.033483 -0.0055556 0.22385 -0.0012436
0.24536 0.24536 0.036415 -0.0055556 0.22234 -0.0012352
0.24133 0.24133 0.030361 -0.004321 0.2126 -0.00091865
0.23684 0.23684 0.033802 -0.0024691 0.21124 -0.00052158
0.23222 0.23222 0.03481 -0.0030864 0.21728 -0.00067062
0.22804 0.22804 0.031514 -0.0049383 0.20819 -0.0010281
0.22321 0.22321 0.036399 -0.0030864 0.20551 -0.0006343
0.36184 0.11519 0.036234 -0.051852 0.40997 -0.021248
0.36248 0.11454 0.030363 -0.046296 0.42837 -0.019825
0.36323 0.1138 0.034872 -0.04321 0.4495 -0.019417
0.36391 0.11312 0.031909 -0.040123 0.46883 -0.018806
0.36461 0.11242 0.033017 -0.037037 0.48883 -0.018101
0.36539 0.11164 0.036637 -0.033951 0.51103 -0.017346
0.36775 0.10927 0.029942 -0.030247 0.52917 -0.016003
0.37045 0.10658 0.033213 -0.025926 0.53646 -0.013907
0.37327 0.10375 0.034811 -0.021605 0.5238 -0.011316
0.37157 0.098587 0.032085 -0.022222 0.51893 -0.011531
0.35961 0.086624 0.037234 -0.022222 0.51744 -0.011498
0.35087 0.077885 0.029363 -0.022222 0.50771 -0.011281
0.34864 0.075651 0.033576 -0.02037 0.50203 -0.010226
0.34634 0.073357 0.03377 -0.017901 0.50069 -0.0089625
0.34386 0.070873 0.034851 -0.016667 0.49896 -0.0083156
0.3412 0.068217 0.037269 -0.014815 0.48788 -0.0072275
0.33921 0.066224 0.027966 -0.012346 0.48064 -0.0059337
0.24625 0.11899 0.13869 -0.011728 0.4508 -0.005287
0.21373 0.15152 0.02752 -0.0080247 0.44503 -0.0035712
0.18529 0.18529 0.033302 -0.0037037 0.43646 -0.0016165
0.19028 0.19028 0.03393 0.00061728 0.43818 0.00027048
0.19509 0.19509 0.032655 4.5991e-11 0.44006 2.0239e-11
0.20047 0.20047 0.036574 0.0018519 0.43774 0.00081062
0.2026 0.21554 0.030934 0.0030864 0.43578 0.001345
0.18595 0.25599 0.032936 0.0049383 0.43369 0.0021417
0.14103 0.30406 0.032577 0.0061728 0.42892 0.0026476
0.10143 0.36026 0.034336 0.0092593 0.42099 0.003898
0.092088 0.38494 0.037014 0.0098765 0.41919 0.0041401
0.086915 0.39011 0.029595 0.0080247 0.41651 0.0033423
0.081034 0.39599 0.03442 0.0061728 0.41299 0.0025493
0.079516 0.39751 0.031719 0.0067901 0.41268 0.0028021
0.10894 0.36809 0.033541 0.0049383 0.40867 0.0020181
0.14597 0.33106 0.035748 0.0055556 0.40209 0.0022338
0.16322 0.3138 0.030738 0.0037037 0.39961 0.00148
0.19195 0.28507 0.032681 0.00061728 0.39518 0.00024394
0.22214 0.25489 0.035481 -0.0012346 0.38637 -0.000477
0.22867 0.25258 0.032457 -0.004321 0.38142 -0.0016481
0.23341 0.25732 0.035407 -0.0049383 0.3836 -0.0018943
0.24218 0.26609 0.03157 -0.0055556 0.3786 -0.0021033
0.24992 0.27383 0.031945 -0.0074074 0.37014 -0.0027418
0.25601 0.27991 0.034297 -0.0061728 0.36838 -0.0022739
0.25992 0.28382 0.043161 -0.0067901 0.373 -0.0025327
0.26133 0.28524 0.028227 -0.0061728 0.36757 -0.0022689
0.26274 0.28665 0.028092 -0.0024691 0.36199 -0.00089381
0.2644 0.2883 0.033019 -0.0049383 0.35806 -0.0017682
0.26609 0.29 0.033811 -0.0012346 0.35442 -0.00043755
0.26777 0.29167 0.033344 -0.00061728 0.35241 -0.00021754
0.26971 0.29362 0.038738 0.00061728 0.35747 0.00022066
0.27394 0.29785 0.027332 0.004321 0.35842 0.0015487
0.27989 0.3038 0.033653 0.004321 0.3544 0.0015313
0.28216 0.30665 0.032589 0.0055556 0.34669 0.001926
0.27011 0.31869 0.03419 0.0074074 0.33371 0.0024719
0.25021 0.3386 0.035716 0.0061728 0.32835 0.0020268
0.21099 0.37781 0.031958 0.012963 0.32771 0.004248
0.18041 0.40839 0.031859 0.011728 0.32232 0.0037802
0.16085 0.42795 0.032732 0.014198 0.3144 0.0044636
0.14192 0.43624 0.03322 0.015432 0.31322 0.0048335
0.12723 0.42581 0.036757 0.01358 0.31546 0.0042838
0.12206 0.42065 0.033064 0.01358 0.30451 0.0041352
0.11968 0.41827 0.032064 0.012346 0.29567 0.0036501
0.1179 0.41648 0.031828 0.010494 0.29273 0.0030718
0.11415 0.41274 0.0329 0.0098765 0.29285 0.0028923
0.11126 0.40569 0.037156 0.0049383 0.28744 0.0014194
0.1254 0.39154 0.029796 0.004321 0.27358 0.0011821
0.14112 0.37582 0.033119 0.0012346 0.26511 0.00032729
0.17835 0.33859 0.035145 -0.0024691 0.26091 -0.00064421
0.22631 0.29063 0.03165 -0.00061728 0.2564 -0.00015827
0.24424 0.2727 0.036671 -0.0024691 0.25397 -0.00062709
0.24928 0.26767 0.029682 -0.0030864 0.25199 -0.00077773
0.25495 0.26199 0.033476 -0.004321 0.24629 -0.0010642
0.25831 0.25864 0.036667 -0.0049383 0.23296 -0.0011504
0.25415 0.25415 0.032169 -0.0049383 0.23352 -0.0011532
0.24886 0.24886 0.036638 -0.0061728 0.23086 -0.001425
0.24484 0.24484 0.027857 -0.0092593 0.22747 -0.0021062
0.24008 0.24008 0.032995 -0.0080247 0.22594 -0.0018131
0.23516 0.23516 0.034115 -0.010494 0.22107 -0.0023198
0.23042 0.23042 0.032844 -0.0092593 0.21875 -0.0020255
0.22464 0.22464 0.040018 -0.0092593 0.20872 -0.0019326
0.22076 0.22076 0.026876 -0.0098765 0.20435 -0.0020183
0.21601 0.21601 0.032967 -0.0080247 0.2035 -0.001633
0.27647 0.27647 0.033661 -0.010494 0.45108 -0.0047335
0.27938 0.27938 0.038945 -0.008642 0.53322 -0.004608
0.28033 0.28033 0.027911 -0.0067901 0.52346 -0.0035543
0.28143 0.28143 0.032605 -0.0061728 0.51797 -0.0031973
0.28242 0.28242 0.0341 -0.0080247 0.51367 -0.004122
0.28242 0.28242 0.033205 -0.0061728 0.50758 -0.0031332
0.28242 0.28242 0.035672 -0.0061728 0.4993 -0.0030821
0.28242 0.28242 0.033079 -0.0049383 0.49996 -0.0024689
0.28242 0.28242 0.030886 -0.0055556 0.5002 -0.0027789
0.28242 0.28242 0.032972 -0.0055556 0.49212 -0.002734
0.28242 0.28242 0.033618 -0.0067901 0.47145 -0.0032012
0.28242 0.28242 0.038106 -0.0074074 0.46215 -0.0034233
0.28242 0.28242 0.029822 -0.0067901 0.45502 -0.0030896
0.28242 0.28242 0.032781 -0.0024691 0.45523 -0.001124
0.28242 0.28242 0.032778 -0.004321 0.45809 -0.0019794
0.28242 0.28242 0.0331 -0.0037037 0.45688 -0.0016922
0.28242 0.28242 0.036502 -0.004321 0.45182 -0.0019523
0.28242 0.28242 0.030353 -0.0030864 0.44055 -0.0013597
0.28242 0.28242 0.032941 -0.0030864 0.43427 -0.0013403
0.2827 0.2827 0.034662 -0.0037037 0.42698 -0.0015814
0.28445 0.28445 0.031748 -0.0037037 0.41878 -0.001551
0.28648 0.28648 0.036968 -0.0037037 0.42283 -0.001566
0.28812 0.28812 0.029966 -0.0061728 0.41616 -0.0025689
0.28999 0.28999 0.034066 -0.0055556 0.40564 -0.0022535
0.2888 0.29202 0.033394 -0.0061728 0.40405 -0.0024941
0.28048 0.30034 0.13297 -0.0049383 0.3775 -0.0018642
0.2784 0.30241 0.03321 -0.0049383 0.37115 -0.0018328
0.27632 0.3045 0.033382 -0.004321 0.36932 -0.0015958
0.27389 0.30693 0.038846 0.0018519 0.36476 0.00067548
0.27214 0.30867 0.027877 0.0024691 0.36258 0.00089526
0.2421 0.33871 0.032871 0.0030864 0.35985 0.0011106
0.20325 0.37757 0.033961 0.0037037 0.35702 0.0013223
0.19276 0.38806 0.034275 0.0030864 0.35418 0.0010931
0.19142 0.3894 0.038875 0.0030864 0.34059 0.0010512
0.19678 0.38404 0.02794 0.0012346 0.33747 0.00041663
0.2029 0.37792 0.031936 -0.0037037 0.33254 -0.0012316
0.20916 0.37166 0.032696 -0.0055556 0.32678 -0.0018154
0.2156 0.36522 0.033602 -0.016667 0.32815 -0.0054689
0.22375 0.35706 0.036344 -0.022222 0.32793 -0.0072868
0.23463 0.34619 0.031341 -0.027778 0.32435 -0.0090087
0.25899 0.32183 0.033601 -0.02963 0.31705 -0.0093928
0.28336 0.29746 0.031918 -0.027778 0.31403 -0.008722
0.29011 0.29071 0.033357 -0.026543 0.30625 -0.0081278
0.27909 0.30173 0.13467 -0.024074 0.28468 -0.0068528
0.27644 0.30438 0.032376 -0.01358 0.27656 -0.0037556
0.27342 0.30739 0.036843 -0.011728 0.27752 -0.0032547
0.27096 0.30985 0.030061 0.00061728 0.26817 0.00016554
0.26819 0.31262 0.033856 0.004321 0.25486 0.0011013
0.26352 0.3173 0.033094 0.018519 0.24505 0.0045376
0.13606 0.44475 0.16593 0.040741 0.22656 0.0092275
0.14541 0.43541 0.033143 0.041358 0.21748 0.0089918
0.16064 0.42018 0.039286 0.045062 0.2084 0.0093876
0.17125 0.40956 0.027383 0.061111 0.20223 0.012351
0.26804 0.36866 0.031468 0.019753 0.31358 0.0061938
0.30674 0.32997 0.033069 0.022222 0.31405 0.0069784
0.31725 0.31946 0.033353 0.0030864 0.31453 0.00097076
0.32082 0.32082 0.23377 -0.016667 0.31679 -0.0052796
0.2158 0.43687 0.80268 0.023457 0.28979 0.006797
0.21793 0.43474 0.029861 0.024691 0.2887 0.0071276
0.22038 0.4323 0.034321 0.02716 0.28744 0.007806
0.22272 0.42996 0.032799 0.026543 0.28623 0.0075966
0.22505 0.42763 0.032711 0.024074 0.28503 0.0068612
0.22807 0.42461 0.04236 0.023457 0.28347 0.0066488
0.22981 0.42286 0.024482 0.022222 0.28258 0.0062789
0.23865 0.41403 0.033332 0.022222 0.28135 0.0062517
0.26536 0.38732 0.034051 0.0018519 0.28101 0.00052039
0.27992 0.37276 0.032223 0.00061728 0.27988 0.00017277
0.31579 0.33688 0.13477 4.8187e-20 0.24437 1.1775e-20
0.3183 0.33438 0.033633 -0.0024691 0.23308 -0.0005755
0.32131 0.33136 0.035907 -0.0037037 0.23151 -0.00085743
0.32385 0.32883 0.030203 -0.0037037 0.22328 -0.00082696
0.32634 0.32634 0.065111 -0.0049383 0.211 -0.001042
0.32634 0.32634 0.033354 -0.0061728 0.20632 -0.0012736
0.32634 0.32634 0.039358 -0.0080247 0.2008 -0.0016114
0.32077 0.3319 0.66349 -0.018519 0.32589 -0.0060346
0.32007 0.3326 0.030778 -0.016667 0.35373 -0.0058952
0.3193 0.33337 0.033825 -0.014815 0.38433 -0.0056935
0.31855 0.33413 0.032997 -0.011728 0.41418 -0.0048575
0.31774 0.33493 0.035304 -0.0098765 0.44611 -0.004406
0.31533 0.33735 0.039981 -0.0080247 0.48228 -0.0038701
0.3128 0.33988 0.024888 -0.0061728 0.50479 -0.003116
0.30812 0.34456 0.032871 -0.0055556 0.53453 -0.0029696
0.30398 0.3487 0.033855 -0.0092593 0.56217 -0.0052052
0.30055 0.36813 0.071552 -0.00061728 0.55998 -0.00034567
0.2971 0.37157 0.028155 -0.00061728 0.55687 -0.00034375
0.29196 0.37671 0.033101 -1.8396e-10 0.55692 -1.0245e-10
0.28216 0.38651 0.03338 0.0012346 0.5501 0.00067914
0.27638 0.39229 0.033044 0.0024691 0.54239 0.0013392
0.26964 0.39903 0.035951 0.0024691 0.53643 0.0013245
0.25938 0.41706 0.064041 0.0030864 0.50043 0.0015445
0.26827 0.42631 0.033172 0.0067901 0.48442 0.0032893
0.27272 0.44219 0.033213 0.010494 0.47985 0.0050353
0.2752 0.44601 0.036547 0.0092593 0.47578 0.0044053
0.27687 0.44769 0.030168 0.0098765 0.47467 0.004688
0.27687 0.44769 0.034372 0.0098765 0.48065 0.0047471
0.27687 0.44769 0.031894 0.0092593 0.47542 0.004402
0.27687 0.44769 0.033885 0.0098765 0.45191 0.0044633
0.27687 0.44769 0.099798 0.011728 0.43378 0.0050874
0.27687 0.44769 0.036644 0.011728 0.41656 0.0048855
0.27687 0.44769 0.029682 0.011111 0.41343 0.0045935
0.27687 0.44769 0.036433 0.0098765 0.41521 0.0041008
0.27687 0.44769 0.030386 0.0061728 0.40474 0.0024984
0.27687 0.44769 0.033073 0.0067901 0.38738 0.0026303
0.27687 0.44769 0.034297 0.0067901 0.37457 0.0025433
0.27687 0.44769 0.034931 0.0067901 0.36152 0.0024547
0.27687 0.44769 0.038115 0.0061728 0.35748 0.0022067
0.27741 0.44715 0.026866 0.004321 0.35259 0.0015235
0.28039 0.44417 0.033434 0.004321 0.33958 0.0014673
0.28328 0.44129 0.032428 0.0012346 0.33404 0.0004124
0.28624 0.43832 0.033296 0.0024691 0.33628 0.00083031
0.28976 0.4348 0.039535 0.0037037 0.32366 0.0011988
0.2922 0.43236 0.027367 0.0018519 0.32314 0.0005984
0.29878 0.42578 0.032907 0.00061728 0.32436 0.00020022
0.30691 0.41766 0.035143 -0.00061728 0.31572 -0.00019489
0.32181 0.40275 0.031748 -0.0012346 0.3093 -0.00038185
0.35131 0.37325 0.037422 -0.0018519 0.29287 -0.00054235
0.3614 0.36316 0.030023 0.0049383 0.28924 0.0014283
0.36228 0.36228 0.032273 0.0061728 0.29119 0.0017975
0.36228 0.36228 0.033277 0.0037037 0.28217 0.0010451
0.36228 0.36228 0.034339 0.0030864 0.26428 0.00081567
0.36228 0.36228 0.035249 0.0030864 0.2599 0.00080215
0.36228 0.36228 0.030228 0.0037037 0.25575 0.0009472
0.36228 0.36228 0.034663 0.0037037 0.24537 0.00090878
0.36228 0.36228 0.10198 0.0024691 0.21448 0.00052958
0.36228 0.36228 0.030556 0.0024691 0.20584 0.00050825
0.36228 0.36228 0.033486 -0.014198 0.2045 -0.0029033
0.21967 0.21967 0.034932 0.033333 0.37282 0.012425
0.23966 0.23966 0.037985 0.024691 0.37813 0.0093357
0.25118 0.25118 0.028004 0.016667 0.37542 0.0062567
0.26646 0.26646 0.032687 0.0067901 0.36764 0.0024963
0.26646 0.26646 0.033815 0.00061728 0.35958 0.00022196
0.26646 0.26646 0.032601 -0.0049383 0.35182 -0.0017374
0.26561 0.26731 0.039724 -0.0092593 0.34056 -0.0031533
0.26465 0.26826 0.026776 -0.010494 0.33541 -0.0035197
0.26341 0.2695 0.034579 -0.010494 0.33493 -0.0035146
0.25865 0.27426 0.13323 -0.014198 0.30906 -0.0043878
0.25513 0.27779 0.098667 -0.012963 0.29725 -0.0038532
0.25197 0.28094 0.03639 -0.0098765 0.29296 -0.0028934
0.24768 0.28523 0.030236 -0.010494 0.29074 -0.0030509
0.23665 0.29626 0.034771 -0.008642 0.28818 -0.0024904
0.21546 0.31745 0.031977 -0.004321 0.28582 -0.001235
0.19331 0.3396 0.033091 -0.00061728 0.24087 -0.00014868
0.27045 0.27045 0.028258 0.0037037 0.34157 0.0012651
0.27045 0.27045 0.031286 5.421e-19 0.41202 2.2336e-19
0.27045 0.27045 0.033326 0.0018519 0.48707 0.00090197
0.27018 0.27072 0.032814 -0.00061728 0.51368 -0.00031709
0.26915 0.27174 0.039197 -0.004321 0.50051 -0.0021627
0.26841 0.27248 0.028225 -0.0055556 0.49422 -0.0027457
0.26756 0.27334 0.032612 -0.0061728 0.48537 -0.0029961
0.26668 0.27421 0.033385 -0.0067901 0.47992 -0.0032587
0.26581 0.27509 0.033435 -0.0049383 0.47121 -0.002327
0.26474 0.27616 0.040694 -0.0030864 0.4613 -0.0014238
0.26399 0.27691 0.028832 -0.0030864 0.45074 -0.0013912
0.26319 0.27771 0.030323 -0.0037037 0.43877 -0.0016251
0.26231 0.27859 0.033714 -0.0049383 0.43396 -0.002143
0.26144 0.27946 0.033212 -0.0074074 0.43412 -0.0032157
0.26049 0.28041 0.03631 -0.0074074 0.43523 -0.0032239
0.25967 0.28123 0.031204 -0.0055556 0.43703 -0.0024279
0.25879 0.28211 0.033501 -0.0049383 0.43732 -0.0021596
0.25509 0.28581 0.032074 -0.0061728 0.43805 -0.002704
0.24424 0.29665 0.033192 -0.0074074 0.43919 -0.0032532
0.22293 0.31797 0.03967 -0.0055556 0.42624 -0.002368
0.21399 0.32691 0.02694 -0.0049383 0.42085 -0.0020783
0.19946 0.34144 0.033491 -0.0030864 0.42172 -0.0013016
0.1911 0.3498 0.034226 0.0049383 0.42321 0.0020899
0.18505 0.35585 0.032603 0.0055556 0.42248 0.0023471
0.19147 0.34943 0.036466 0.004321 0.41346 0.0017866
0.19693 0.34397 0.030934 0.0024691 0.40816 0.0010078
0.20267 0.33823 0.032541 0.0030864 0.40447 0.0012484
0.20854 0.33236 0.033276 0.0037037 0.40331 0.0014938
0.21473 0.32617 0.035052 0.0018519 0.39804 0.0007371
0.22174 0.31916 0.039751 0.0018519 0.3815 0.00070649
0.22638 0.31452 0.026276 0.0018519 0.37356 0.00069177
0.23216 0.30874 0.032786 -0.0049383 0.37219 -0.001838
0.24739 0.2935 0.03291 -0.0055556 0.37647 -0.0020915
0.26625 0.27464 0.032792 -0.0061728 0.37158 -0.0022937
0.26808 0.27282 0.039262 -0.0030864 0.36088 -0.0011138
0.26808 0.27282 0.027685 -0.0037037 0.3548 -0.0013141
0.26808 0.27282 0.032905 -0.004321 0.35338 -0.0015269
0.26808 0.27282 0.033351 -0.0049383 0.35292 -0.0017428
0.28726 0.292 0.033749 -0.0067901 0.33166 -0.002252
0.28694 0.29762 0.039448 -0.0092593 0.32776 -0.0030347
0.28252 0.29836 0.02875 -0.004321 0.32535 -0.0014058
0.27765 0.29917 0.031749 -0.0018519 0.32278 -0.00059773
0.27253 0.30002 0.033294 0.0018519 0.3185 0.00058981
0.26727 0.3009 0.034231 -0.0012346 0.30644 -0.00037832
0.26183 0.30181 0.035405 -0.00061728 0.30342 -0.00018729
0.25718 0.30258 0.030255 1.3797e-10 0.29475 4.0667e-11
0.17544 0.37484 0.1415 0.0012346 0.26699 0.00032961
0.15409 0.38681 0.025522 0.004321 0.25921 0.00112
0.13904 0.40186 0.032614 0.0055556 0.25644 0.0014247
0.14264 0.39776 0.034888 -0.0024691 0.25216 -0.00062261
0.16246 0.37615 0.034055 -0.010494 0.24574 -0.0025787
0.18244 0.35437 0.034315 -0.014198 0.24241 -0.0034415
0.2003 0.33491 0.030673 -0.012963 0.23944 -0.0031037
0.21972 0.31374 0.033356 -0.012963 0.2362 -0.0030618
0.24393 0.26302 0.032834 -0.014198 0.23163 -0.0032884
0.2465 0.2465 0.035612 -0.01358 0.22575 -0.0030656
0.2465 0.2465 0.040821 -0.014815 0.21848 -0.0032367
0.2465 0.2465 0.024263 -0.016049 0.21177 -0.0033986
0.24517 0.24782 0.03382 -0.0067901 0.20921 -0.0014206
0.24305 0.24994 0.032521 0.004321 0.20934 0.00090457
0.33768 0.36293 0.02575 -0.0024691 0.34775 -0.00085864
0.31529 0.38532 0.033636 -0.00061728 0.45069 -0.0002782
0.29346 0.40715 0.033162 0.0018519 0.5264 0.00097481
0.2689 0.43171 0.034194 0.0024691 0.51948 0.0012827
0.25608 0.44453 0.0388 0.004321 0.50618 0.0021872
0.24911 0.4515 0.028181 0.0067901 0.50469 0.0034269
0.24109 0.45952 0.031722 0.012346 0.50416 0.0062241
0.2316 0.46901 0.033403 0.012963 0.49407 0.0064044
0.20521 0.4954 0.13437 0.017901 0.46184 0.008267
0.20421 0.4964 0.13271 0.019753 0.45223 0.0089324
0.20421 0.4964 0.032766 0.019136 0.4427 0.0084708
0.20421 0.4964 0.034441 0.02037 0.43267 0.0088131
0.20421 0.4964 0.032562 0.02284 0.4232 0.0096647
0.20421 0.4964 0.036069 0.022222 0.41561 0.0092349
0.20421 0.4964 0.030241 0.019753 0.41155 0.0081288
0.20421 0.4964 0.033001 0.017284 0.40711 0.0070362
0.20421 0.4964 0.033504 0.015432 0.40262 0.006213
0.20421 0.4964 0.035158 0.0098765 0.39677 0.0039186
0.20421 0.4964 0.037356 0.0067901 0.40266 0.0027341
0.20421 0.4964 0.028322 0.004321 0.39764 0.0017182
0.20421 0.4964 0.033545 0.0012346 0.38791 0.00047891
0.23274 0.46787 0.033457 -0.0012346 0.39044 -0.00048202
0.2827 0.41744 0.032102 -0.0037037 0.38465 -0.0014246
0.31259 0.37417 0.039551 -0.0037037 0.37556 -0.001391
0.31704 0.35649 0.027239 -0.0061728 0.37293 -0.002302
0.30381 0.31599 0.03305 -0.0055556 0.37109 -0.0020616
0.28354 0.28533 0.033229 -0.004321 0.36621 -0.0015824
0.26199 0.26199 0.033542 -0.0037037 0.35588 -0.0013181
0.21169 0.21169 0.036873 -0.0018519 0.35064 -0.00064933
0.15093 0.15093 0.031437 -0.0012346 0.34232 -0.00042261
0.12435 0.12435 0.69847 -0.0012346 0.3176 -0.0003921
0.1445 0.1445 0.033869 0.0012346 0.31783 0.00039238
0.15525 0.15525 0.03232 -0.00061728 0.31804 -0.00019632
0.18721 0.18721 0.03949 0.0012346 0.31831 0.00039298
0.22309 0.22309 0.02784 0.00061728 0.31698 0.00019567
0.24672 0.24672 0.032314 0.0012346 0.31185 0.000385
0.25846 0.25846 0.033335 0.00061728 0.31014 0.00019144
0.2669 0.2669 0.034012 0.0012346 0.32177 0.00039725
0.2701 0.2701 0.035728 0.00061728 0.316 0.00019506
0.27185 0.27185 0.031612 -3.6793e-10 0.30707 -1.1298e-10
0.27347 0.27347 0.032112 -0.0049383 0.3054 -0.0015081
0.27515 0.27515 0.033146 -0.0030864 0.29986 -0.00092549
0.27683 0.27683 0.033308 -0.0055556 0.28966 -0.0016092
0.27879 0.27879 0.036014 -0.004321 0.29064 -0.0012558
0.28136 0.28136 0.030556 -0.004321 0.29002 -0.0012532
0.28907 0.28907 0.034549 -0.0067901 0.28904 -0.0019626
0.29041 0.29041 0.032418 -0.0080247 0.28376 -0.002277
0.29041 0.29041 0.033003 -0.0061728 0.27356 -0.0016887
0.29041 0.29041 0.036245 -0.0080247 0.26809 -0.0021513
0.29041 0.29041 0.030736 -0.0055556 0.26471 -0.0014706
0.29041 0.29041 0.033036 -0.0074074 0.2633 -0.0019504
0.29041 0.29041 0.0344 -0.0074074 0.26227 -0.0019428
0.29041 0.29041 0.032352 -0.0098765 0.25712 -0.0025395
0.29041 0.29041 0.036652 -0.0098765 0.25145 -0.0024834
0.29041 0.29041 0.029556 -0.0061728 0.24671 -0.0015229
0.29041 0.29041 0.033353 -0.0055556 0.23932 -0.0013296
0.29041 0.29041 0.033391 -0.011111 0.23321 -0.0025912
0.29041 0.29041 0.034787 -0.0055556 0.22805 -0.001267
0.29041 0.29041 0.037556 -0.011111 0.22232 -0.0024702
0.29041 0.29041 0.028768 -0.0080247 0.22074 -0.0017714
0.29041 0.29041 0.032948 -0.00061728 0.21813 -0.00013465
0.29041 0.29041 0.033248 0.0037037 0.21166 0.00078393
0.29041 0.29041 0.032925 0.004321 0.20382 0.00088072
0.28952 0.36315 0.030995 -0.13951 0.28763 -0.039997
0.26115 0.39152 0.065937 -0.12593 0.29697 -0.037298
0.24193 0.41075 0.034549 -0.11111 0.30186 -0.033472
0.22476 0.42791 0.038352 -0.09321 0.3073 -0.028602
0.21364 0.43903 0.028352 -0.077778 0.31131 -0.024189
0.20892 0.44375 0.033143 -0.058642 0.31601 -0.018521
0.20836 0.44431 0.03295 -0.041358 0.33366 -0.013796
0.2078 0.44488 0.033085 -0.02284 0.33561 -0.0076646
0.20714 0.44554 0.038617 -0.015432 0.29875 -0.0046102
0.20666 0.44601 0.027673 -0.0061728 0.2877 -0.0017759
0.20609 0.44658 0.033433 -0.0018519 0.30094 -0.00055729
0.20551 0.44716 0.03372 -0.0012346 0.3134 -0.00038692
0.20495 0.44772 0.033037 -0.00061728 0.30331 -0.00018723
0.20267 0.45 0.13313 0.0049383 0.27946 0.00138
0.19958 0.45309 0.033138 0.0012346 0.26214 0.00032364
0.17696 0.47571 0.13327 0.00061728 0.28176 0.00017393
0.18814 0.46453 0.23629 -0.0024691 0.30807 -0.00076067
0.32436 0.32831 0.26441 0.01358 0.318 0.0043184
0.32533 0.32734 0.16587 0.010494 0.2642 0.0027724
0.32553 0.32714 0.033577 0.0074074 0.25331 0.0018764
0.32634 0.32634 0.16639 0.0067901 0.23935 0.0016252
0.32729 0.32729 0.066061 0.0037037 0.23813 0.00088195
0.32545 0.3512 0.032105 -0.0055556 0.4332 -0.0024067
0.324 0.35266 0.03313 -0.0024691 0.51137 -0.0012626
0.32242 0.35424 0.035838 4.3368e-19 0.50403 2.1859e-19
0.32107 0.35558 0.030646 0.0018519 0.50458 0.00093441
0.31514 0.36152 0.033068 0.0037037 0.49317 0.0018266
0.29343 0.38323 0.034849 0.0049383 0.48091 0.0023748
0.26738 0.40928 0.03263 0.0061728 0.47481 0.0029309
0.24871 0.42794 0.037189 0.0067901 0.47497 0.003225
0.24342 0.43324 0.029096 0.0074074 0.47301 0.0035037
0.23776 0.4389 0.033489 0.0067901 0.46692 0.0031704
0.24431 0.43235 0.033158 0.0049383 0.46342 0.0022885
0.25115 0.42551 0.034643 0.0037037 0.46112 0.0017078
0.25944 0.41722 0.041934 0.0030864 0.45171 0.0013942
0.26426 0.4124 0.024392 0.0030864 0.45046 0.0013903
0.27084 0.40582 0.033308 0.0024691 0.44946 0.0011098
0.28264 0.39402 0.032574 0.0012346 0.43915 0.00054216
0.30458 0.37208 0.033352 0 0.43158 0
0.32812 0.34853 0.038769 -0.0024691 0.43473 -0.0010734
0.33694 0.33972 0.027119 -0.0030864 0.42722 -0.0013186
0.33833 0.33833 0.033411 -0.0024691 0.41602 -0.0010272
0.33833 0.33833 0.033217 -0.0030864 0.41218 -0.0012722
0.33833 0.33833 0.033275 -0.0037037 0.40752 -0.0015093
0.33833 0.33833 0.036245 -0.0055556 0.39614 -0.0022008
0.33833 0.33833 0.031714 -0.0061728 0.39083 -0.0024125
0.33833 0.33833 0.031974 -0.0055556 0.38927 -0.0021626
0.33833 0.33833 0.033022 -0.0067901 0.38349 -0.0026039
0.33833 0.33833 0.033773 -0.0067901 0.37552 -0.0025498
0.33833 0.33833 0.035846 -0.0074074 0.38076 -0.0028204
0.33833 0.33833 0.030635 -0.0074074 0.37328 -0.002765
0.33833 0.33833 0.034399 -0.0080247 0.35618 -0.0028582
0.33833 0.33833 0.032134 -0.0080247 0.3571 -0.0028656
0.33833 0.33833 0.03339 -0.0067901 0.3554 -0.0024132
0.33833 0.33833 0.039938 -0.0067901 0.35123 -0.0023849
0.33833 0.33833 0.027658 -0.0098765 0.34457 -0.0034031
0.33701 0.34167 0.032586 -0.0067901 0.34296 -0.0023287
0.3354 0.34578 0.034799 -0.0049383 0.34203 -0.001689
0.33391 0.34955 0.031901 -0.0024691 0.32698 -0.00080737
0.33223 0.35382 0.036146 -0.0018519 0.32088 -0.00059422
0.33085 0.35735 0.029845 4.5991e-11 0.31631 1.4548e-11
0.32929 0.36131 0.033565 0.0012346 0.31063 0.0003835
0.31852 0.37411 0.034416 0.0018519 0.30354 0.00056211
0.27361 0.41902 0.033258 0.0037037 0.29562 0.0010949
0.23933 0.4533 0.036301 0.0098765 0.29566 0.00292
0.20453 0.4881 0.030292 0.0092593 0.29257 0.0027089
0.18508 0.50755 0.033906 0.0092593 0.2844 0.0026333
0.19473 0.4979 0.033013 0.0080247 0.27125 0.0021766
0.20643 0.48619 0.033234 0.0061728 0.26762 0.001652
0.22029 0.47234 0.03933 0.0055556 0.26296 0.0014609
0.25584 0.43678 0.027309 0.004321 0.25045 0.0010822
0.29899 0.39364 0.03238 0.0030864 0.24135 0.0007449
0.32265 0.36998 0.034199 4.5991e-11 0.24131 1.1098e-11
0.34053 0.35209 0.032405 -0.0037037 0.23302 -0.00086302
0.34603 0.34659 0.036983 -0.0055556 0.22488 -0.0012493
0.31511 0.31511 0.03128 -0.0098765 0.2159 -0.0021323
0.28864 0.28864 0.031965 -0.011728 0.20501 -0.0024044
0.27353 0.27353 0.033095 -0.0098765 0.20304 -0.0020053
0.48088 0.21973 0.034162 0.085185 0.3636 0.030936
0.44518 0.17858 0.099943 0.064815 0.31172 0.02019
0.42884 0.16225 0.034104 0.046296 0.28053 0.012983
0.4237 0.15711 0.031739 0.02716 0.2515 0.00683
0.41818 0.15158 0.036378 0.02037 0.21823 0.004445
0.41353 0.14694 0.030604 0.0012346 0.20129 0.0002485
0.18972 0.18972 0.032936 -0.05 0.38519 -0.019251
0.19671 0.20047 0.13347 -0.04321 0.47517 -0.020525
0.19486 0.20232 0.032985 -0.037654 0.50489 -0.019007
0.19299 0.2042 0.033262 -0.02963 0.53487 -0.015846
0.19103 0.20616 0.034831 -0.021605 0.5558 -0.012007
0.18903 0.20816 0.03554 -0.015432 0.55668 -0.0085904
0.17952 0.21767 0.169 -0.0098765 0.53316 -0.0052657
0.17796 0.21922 0.027644 -0.0067901 0.52908 -0.0035925
0.17609 0.22109 0.033216 -0.0055556 0.52462 -0.0029145
0.17423 0.22295 0.033095 -0.0049383 0.52091 -0.0025724
0.1765 0.22596 0.033426 -0.004321 0.51823 -0.0022393
0.17721 0.22795 0.0397 -0.0037037 0.51506 -0.0019076
0.17652 0.22865 0.028125 -0.0030864 0.5128 -0.0015827
0.17572 0.22945 0.032131 -0.0037037 0.51023 -0.0018897
0.1749 0.23027 0.032984 -0.004321 0.50376 -0.0021767
0.17407 0.2311 0.03348 -0.004321 0.49747 -0.0021496
0.17317 0.232 0.036329 -0.0037037 0.50415 -0.0018672
0.17241 0.23276 0.030533 -0.0037037 0.50644 -0.0018757
0.17154 0.23362 0.034935 -0.0024691 0.49886 -0.0012318
0.17075 0.23442 0.031911 -0.00061728 0.49019 -0.00030259
0.16991 0.23525 0.033724 0.0012346 0.4922 0.00060765
0.16897 0.2362 0.038004 0.004321 0.48268 0.0020857
0.16826 0.2369 0.028073 0.0074074 0.47548 0.003522
0.15364 0.25152 0.03313 0.011728 0.47224 0.0055385
0.13042 0.27475 0.034549 0.015432 0.46809 0.0072233
0.10982 0.29535 0.032015 0.015432 0.46496 0.007175
0.096429 0.30874 0.036578 0.019136 0.45696 0.0087437
0.085255 0.31991 0.030075 0.021605 0.44687 0.0096538
0.069161 0.33601 0.03313 0.024074 0.44553 0.010725
0.055566 0.3496 0.033929 0.025309 0.45184 0.011434
0.050873 0.35429 0.033898 0.024691 0.44501 0.010987
0.047613 0.35755 0.035117 0.024074 0.44073 0.010609
0.05647 0.3487 0.031026 0.019753 0.43512 0.0085945
0.07031 0.33486 0.033843 0.016667 0.42772 0.0071284
0.083697 0.32147 0.032737 0.015432 0.42203 0.0065125
0.097258 0.30791 0.033161 0.012963 0.4182 0.0054209
0.11353 0.29164 0.039793 0.0092593 0.41399 0.0038332
0.15174 0.25342 0.026423 0.004321 0.40799 0.0017629
0.16703 0.23813 0.033431 0.0012346 0.40421 0.00049902
0.17308 0.23209 0.033229 -0.0012346 0.39994 -0.00049375
0.1839 0.22127 0.033411 -0.004321 0.39768 -0.0017184
0.20258 0.20258 0.036315 -0.0030864 0.39568 -0.0012212
0.20258 0.20258 0.031704 -0.0037037 0.38976 -0.0014435
0.20258 0.20258 0.031952 -0.004321 0.38339 -0.0016566
0.20258 0.20258 0.033383 -0.0061728 0.38037 -0.002348
0.20258 0.20258 0.033969 -0.0061728 0.37988 -0.0023449
0.20258 0.20258 0.035852 -0.0067901 0.37013 -0.0025132
0.20258 0.20258 0.030077 -0.0061728 0.3746 -0.0023123
0.20258 0.20258 0.035014 -0.0061728 0.37396 -0.0023084
0.20258 0.20258 0.031433 -0.0061728 0.36334 -0.0022428
0.20258 0.20258 0.033625 -0.0080247 0.36007 -0.0028894
0.20258 0.20258 0.037258 -0.0067901 0.3618 -0.0024566
0.20258 0.20258 0.030669 -0.0061728 0.36159 -0.002232
0.20258 0.20258 0.031985 -0.0049383 0.36075 -0.0017815
0.20258 0.20258 0.035506 -0.004321 0.35475 -0.0015328
0.20258 0.20258 0.031658 -0.0030864 0.35036 -0.0010813
0.20085 0.20431 0.036698 -0.0024691 0.3475 -0.00085803
0.19808 0.20709 0.029453 -0.0012346 0.35003 -0.00043213
0.19492 0.21024 0.033466 0.00061728 0.35429 0.0002187
0.1918 0.21337 0.033141 -4.5991e-11 0.34745 -1.598e-11
0.18854 0.21663 0.034566 -0.0018519 0.33735 -0.00062473
0.18523 0.21994 0.035159 -0.0024691 0.33739 -0.00083306
0.17757 0.2276 0.031182 -0.0030864 0.33796 -0.0010431
0.16997 0.2352 0.033768 -0.004321 0.33311 -0.0014393
0.16628 0.23889 0.032909 -0.0037037 0.32239 -0.001194
0.16227 0.24289 0.032656 -0.0061728 0.32705 -0.0020188
0.17071 0.23446 0.039625 -0.0080247 0.32824 -0.002634
0.17712 0.22804 0.026544 -0.0098765 0.31577 -0.0031186
0.18456 0.22061 0.033618 -0.0061728 0.3069 -0.0018944
0.1872 0.21796 0.034799 -0.0049383 0.30756 -0.0015188
0.18961 0.21556 0.031624 -0.0049383 0.30796 -0.0015208
0.19155 0.21362 0.036791 -0.004321 0.30818 -0.0013316
0.19279 0.21238 0.031493 -0.0018519 0.30532 -0.0005654
0.19382 0.21134 0.032002 -0.0012346 0.29902 -0.00036917
0.19382 0.21134 0.033182 0.0012346 0.2905 0.00035864
0.19382 0.21134 0.034292 0.0030864 0.28768 0.00088791
0.19382 0.21134 0.035598 0.0055556 0.28753 0.0015974
0.19382 0.21134 0.030296 0.0049383 0.28415 0.0014032
0.19382 0.21134 0.035274 0.004321 0.2868 0.0012393
0.19382 0.21134 0.032375 0.0061728 0.29053 0.0017934
0.19382 0.21134 0.032091 0.0055556 0.27755 0.0015419
0.19382 0.21134 0.037283 0.0030864 0.27232 0.0008405
0.19382 0.21134 0.029993 0.0024691 0.27093 0.00066895
0.19382 0.21134 0.03249 0.00061728 0.26526 0.00016374
0.19382 0.21134 0.034575 -0.00061728 0.26525 -0.00016373
0.19382 0.21134 0.031827 -0.0030864 0.26028 -0.00080332
0.19382 0.21134 0.036631 -0.0067901 0.25679 -0.0017436
0.19382 0.21134 0.030164 -0.0055556 0.25214 -0.0014008
0.19395 0.21122 0.033295 -0.008642 0.24846 -0.0021471
0.19501 0.21015 0.033532 -0.0080247 0.247 -0.0019821
0.19612 0.20905 0.034758 -0.0067901 0.24048 -0.0016329
0.19734 0.20783 0.038324 -0.0074074 0.24345 -0.0018033
0.19823 0.20694 0.027816 -0.0067901 0.23599 -0.0016024
0.19928 0.20589 0.033038 0.011111 0.22325 0.0024805
0.20037 0.20479 0.033661 0.029012 0.2224 0.0064514
0.20161 0.20356 0.032545 0.05 0.22557 0.011274
0.22061 0.22061 0.040312 0.067284 0.21895 0.014721
0.24211 0.24211 0.02658 0.088272 0.21617 0.019057
0.2498 0.2498 0.032746 0.10617 0.21841 0.023145
0.24053 0.24053 0.033072 0.12469 0.21869 0.027198
0.14668 0.14668 0.030237 -0.011728 0.39218 -0.0045995
0.14668 0.14668 0.033972 -0.012346 0.39023 -0.0048175
0.14668 0.14668 0.033135 -0.012346 0.38832 -0.004794
0.14668 0.14668 0.034086 -0.0092593 0.38636 -0.0035774
0.14668 0.14668 0.035055 -0.0067901 0.38435 -0.0026098
0.14668 0.14668 0.031736 -0.0024691 0.38253 -0.00094451
0.14668 0.14668 0.033045 0.0024691 0.38063 0.00093982
0.17246 0.1209 0.13336 0.0067901 0.37291 0.0025321
0.17868 0.11468 0.0318 0.01358 0.3683 0.0050015
0.18516 0.1082 0.033132 0.017284 0.38589 0.0066694
0.20671 0.086646 0.033674 0.022222 0.38182 0.0084842
0.28569 0.0076665 0.33295 0.025309 0.32754 0.0082887
0.27622 0.017138 0.036759 0.02284 0.30956 0.0070697
0.26831 0.025045 0.030686 0.022222 0.29456 0.0065452
0.14942 0.14942 0.13558 0.020988 0.22826 0.0047903
0.16466 0.16466 0.13135 0.018519 0.21261 0.003937
0.26404 0.1571 0.031576 -0.015432 0.34528 -0.0053282
0.2749 0.14623 0.03329 -0.016667 0.42236 -0.0070391
0.28683 0.1343 0.039909 -0.016049 0.51477 -0.0082614
0.2955 0.12564 0.027365 -0.016049 0.53935 -0.0086558
0.30674 0.1144 0.032841 -0.016667 0.53714 -0.0089519
0.33352 0.087617 0.034345 -0.019136 0.52635 -0.010072
0.33971 0.081428 0.032712 -0.019136 0.52081 -0.0099655
0.342 0.079136 0.035395 -0.018519 0.51586 -0.0095525
0.33417 0.086961 0.031959 -0.016049 0.5059 -0.008119
0.32616 0.094978 0.032737 -0.019136 0.50567 -0.0096758
0.30151 0.11962 0.032908 -0.017284 0.5068 -0.0087591
0.26753 0.1536 0.035372 -0.017284 0.49454 -0.0085472
0.24166 0.17947 0.13231 -0.016667 0.48661 -0.0081099
0.23636 0.17978 0.033 -0.016667 0.48626 -0.008104
0.23031 0.18012 0.037574 -0.011728 0.48907 -0.0057359
0.20967 0.18129 0.12817 -0.011728 0.477 -0.0055943
0.20334 0.18165 0.039304 -0.011728 0.47044 -0.0055174
0.19514 0.18608 0.029245 -0.012346 0.45963 -0.0056743
0.18934 0.19187 0.031538 -0.0061728 0.45458 -0.002806
0.18778 0.19343 0.032991 -0.0080247 0.45821 -0.003677
0.18614 0.19508 0.034746 -0.0074074 0.45682 -0.0033838
0.18449 0.19673 0.034957 -0.0055556 0.45542 -0.0025301
0.18302 0.19819 0.030904 -0.00061728 0.45418 -0.00028036
0.17966 0.21722 0.034483 -0.0037037 0.44914 -0.0016635
0.17494 0.25058 0.031635 5.5189e-10 0.43452 2.3981e-10
0.17923 0.26062 0.033354 0.004321 0.43097 0.0018622
0.17918 0.26973 0.035689 0.0092593 0.44217 0.0040941
0.20878 0.33097 0.06462 0.008642 0.43735 0.0037795
0.2207 0.35895 0.033912 0.014815 0.43395 0.0064286
0.21348 0.37913 0.032038 0.016667 0.42531 0.0070882
0.19381 0.41096 0.036365 0.016667 0.41583 0.0069302
0.10092 0.43783 0.16995 0.014815 0.39913 0.0059128
0.17636 0.35655 0.16645 0.02037 0.35704 0.0072724
0.20139 0.33152 0.026973 0.017901 0.35074 0.0062784
0.26092 0.27199 0.033768 0.014815 0.34287 0.0050793
0.25985 0.27306 0.033635 0.011111 0.33749 0.0037498
0.22681 0.3061 0.13267 0.01358 0.3367 0.0045724
0.21843 0.31449 0.033661 0.012346 0.33766 0.0041686
0.21003 0.32288 0.033702 0.014815 0.33668 0.0049876
0.17271 0.36021 0.037395 0.017901 0.32463 0.0058109
0.143 0.38991 0.028951 0.021605 0.31917 0.0068952
0.10888 0.42404 0.10039 0.021605 0.32075 0.0069293
0.1022 0.43071 0.034915 0.024691 0.32017 0.0079046
0.093787 0.43913 0.030651 0.028395 0.31293 0.0088846
0.05378 0.47913 0.13709 0.031481 0.30034 0.0094535
0.045817 0.4871 0.030035 0.029012 0.295 0.0085574
0.045883 0.48703 0.03299 0.028395 0.29049 0.0082475
0.048865 0.48405 0.032987 0.025926 0.29023 0.0075236
0.052024 0.48089 0.034947 0.022222 0.28761 0.0063909
0.055498 0.47741 0.03842 0.017901 0.27815 0.0049789
0.057932 0.47498 0.026919 0.01358 0.27151 0.0036871
0.07729 0.45562 0.034232 0.010494 0.26308 0.0027607
0.13632 0.39659 0.033263 0.0055556 0.26189 0.001455
0.26646 0.26646 0.033033 0.0024691 0.25666 0.00063372
0.26646 0.26646 0.038578 -4.3368e-19 0.24599 -1.0668e-19
0.26646 0.26646 0.027342 -0.0037037 0.24136 -0.00089394
0.26646 0.26646 0.033419 -0.0067901 0.23799 -0.0016159
0.26646 0.26646 0.033287 -0.0055556 0.23612 -0.0013118
0.26646 0.26646 0.033682 -0.0080247 0.22742 -0.0018249
0.26646 0.26646 0.036619 -0.008642 0.22237 -0.0019217
0.26646 0.26646 0.031976 -0.0098765 0.22172 -0.0021898
0.26646 0.26646 0.03221 -0.010494 0.22062 -0.0023151
0.26646 0.26646 0.032028 -0.010494 0.21487 -0.0022548
0.26646 0.26646 0.033216 -0.011111 0.20776 -0.0023084
0.35144 0.27729 0.29916 -0.03642 0.36694 -0.013361
0.40276 0.22596 0.19997 -0.035802 0.34512 -0.012353
0.40362 0.2251 0.035994 -0.03642 0.34119 -0.012423
0.40436 0.22437 0.030629 -0.032099 0.35016 -0.011238
0.40515 0.22357 0.033311 -0.031481 0.37125 -0.011686
0.40598 0.22274 0.03434 -0.030864 0.393 -0.012128
0.40675 0.22197 0.032444 -0.032099 0.41354 -0.013272
0.40542 0.2233 0.13465 -0.032099 0.46417 -0.014897
0.38647 0.24226 0.13312 -0.029012 0.43762 -0.012695
0.377 0.25172 0.032997 -0.025309 0.43355 -0.010971
0.35086 0.27786 0.041246 -0.022222 0.42845 -0.0095203
0.34072 0.28801 0.031706 -0.02037 0.42453 -0.0086473
0.33766 0.29106 0.02655 -0.024074 0.42259 -0.010173
0.33587 0.29285 0.032835 -0.020988 0.42135 -0.0088426
0.33587 0.29285 0.033837 -0.017284 0.42008 -0.0072602
0.33587 0.29285 0.032909 -0.01358 0.41883 -0.0056877
0.33587 0.29285 0.03627 -0.011111 0.41445 -0.0046049
0.33587 0.29285 0.031352 -0.011111 0.41007 -0.0045562
0.33587 0.29285 0.032369 -0.011728 0.40405 -0.0047387
0.33587 0.29285 0.033459 -0.011111 0.39268 -0.004363
0.33587 0.29285 0.033147 -0.0092593 0.3978 -0.0036833
0.33587 0.29285 0.036444 -0.0067901 0.39872 -0.0027073
0.33587 0.29285 0.030735 -0.0074074 0.39254 -0.0029077
0.33587 0.29285 0.034152 -0.008642 0.3867 -0.0033418
0.33587 0.29285 0.032044 -0.0074074 0.38708 -0.0028672
0.33587 0.29285 0.033159 -0.0074074 0.38389 -0.0028436
0.33587 0.29285 0.03586 -0.0074074 0.37325 -0.0027648
0.33587 0.29285 0.030935 -0.0061728 0.364 -0.0022469
0.33586 0.29286 0.033743 -0.0061728 0.35816 -0.0022109
0.33496 0.29376 0.034497 -0.0074074 0.3579 -0.0026511
0.33413 0.29459 0.032101 -0.0067901 0.35403 -0.0024039
0.3332 0.29552 0.035648 -0.0055556 0.34917 -0.0019398
0.33241 0.29631 0.030503 -0.0061728 0.34589 -0.0021351
0.33155 0.29717 0.033074 -0.0074074 0.33879 -0.0025095
0.33068 0.29805 0.033594 -0.0080247 0.33772 -0.00271
0.32979 0.29893 0.034033 -0.0080247 0.33771 -0.00271
0.33063 0.30039 0.035672 -0.0098765 0.329 -0.0032494
0.33207 0.30183 0.029719 -0.011111 0.32542 -0.0036157
0.33347 0.30323 0.036687 -0.011111 0.31638 -0.0035153
0.33347 0.30323 0.031069 -0.012346 0.30744 -0.0037955
0.33347 0.30323 0.032915 -0.014198 0.30511 -0.0043316
0.33347 0.30323 0.038129 -0.010494 0.30575 -0.0032084
0.33347 0.30323 0.028198 -0.011111 0.30402 -0.0033779
0.33347 0.30323 0.033156 -0.0080247 0.29531 -0.0023698
0.33347 0.30323 0.034273 -0.0061728 0.2876 -0.0017753
0.33347 0.30323 0.032176 -0.0055556 0.2851 -0.0015839
0.33347 0.30323 0.036961 -0.0037037 0.27589 -0.0010218
0.33347 0.30323 0.13 -0.0018519 0.25889 -0.00047943
0.33347 0.30323 0.035993 0.0012346 0.25483 0.0003146
0.33347 0.30323 0.030448 0.0030864 0.24889 0.00076819
0.33322 0.30348 0.034315 4.5991e-11 0.24314 1.1182e-11
0.33141 0.3053 0.034841 0.0055556 0.2432 0.0013511
0.32979 0.30691 0.030901 0.0012346 0.23761 0.00029335
0.32791 0.3088 0.036143 -0.00061728 0.23107 -0.00014264
0.32632 0.31038 0.030345 0.0024691 0.22559 0.000557
0.32458 0.31212 0.033394 0.004321 0.22042 0.00095244
0.32278 0.31393 0.034637 -0.00061728 0.21044 -0.0001299
0.3211 0.3156 0.032044 -0.02037 0.20132 -0.0041008
0.11223 0.11223 0.033116 -0.0012346 0.38303 -0.00047288
0.11725 0.11725 0.033621 -0.0018519 0.38158 -0.00070663
0.12098 0.12098 0.036023 -0.0024691 0.38002 -0.00093832
0.12412 0.12412 0.032408 -0.0024691 0.37862 -0.00093486
0.12695 0.12695 0.03132 -0.0037037 0.37596 -0.0013924
0.12998 0.12998 0.033511 -0.004321 0.37218 -0.0016082
0.13109 0.13109 0.033142 -0.0061728 0.37344 -0.0023052
0.13164 0.13164 0.036057 -0.0061728 0.37466 -0.0023127
0.13211 0.13211 0.03056 -0.0055556 0.38032 -0.0021129
0.13265 0.13265 0.035437 -0.0037037 0.3849 -0.0014256
0.13313 0.13313 0.031406 -0.0030864 0.38317 -0.0011826
0.13365 0.13365 0.033891 -0.0024691 0.37389 -0.00092317
0.12825 0.18108 0.20235 -0.0030864 0.37189 -0.0011478
0.11352 0.1958 0.03042 -0.0012346 0.36447 -0.00044996
0.1029 0.21139 0.033843 0.0024691 0.35918 0.00088685
0.096542 0.22077 0.033176 0.0049383 0.35924 0.001774
0.088535 0.22878 0.034823 0.0067901 0.35932 0.0024398
0.085761 0.23155 0.033797 0.0067901 0.35939 0.0024403
0.058405 0.2749 0.13189 0.0074074 0.35071 0.0025978
0.060954 0.29488 0.039354 0.0092593 0.34777 0.00322
0.072462 0.30715 0.027129 0.012346 0.33969 0.0041936
0.081269 0.31595 0.033047 0.014815 0.33518 0.0049654
0.084662 0.31935 0.032669 0.01358 0.33745 0.0045825
0.087397 0.32208 0.034282 0.011728 0.33522 0.0039315
0.090026 0.32471 0.035012 0.011728 0.33294 0.0039048
0.092436 0.32712 0.032096 0.011111 0.33086 0.0036761
0.091458 0.32968 0.03189 0.010494 0.33056 0.0034687
0.088741 0.33239 0.032919 0.0080247 0.33106 0.0026566
0.088638 0.3361 0.033679 0.0080247 0.3262 0.0026177
0.10228 0.34974 0.036136 0.004321 0.31634 0.0013669
0.10833 0.35579 0.031381 0.004321 0.31792 0.0013737
0.11306 0.35706 0.034151 0.008642 0.31886 0.0027555
0.11661 0.3552 0.032315 0.0080247 0.30959 0.0024843
0.12018 0.35333 0.032453 0.0080247 0.29822 0.0023931
0.12455 0.35104 0.039718 0.008642 0.29805 0.0025757
0.12751 0.34949 0.026983 0.0092593 0.2938 0.0027203
0.17134 0.30569 0.1 0.011111 0.30257 0.0033618
0.17982 0.29721 0.036131 0.008642 0.28619 0.0024732
0.18841 0.28861 0.030215 0.010494 0.28631 0.0030044
0.20861 0.26841 0.033706 0.0074074 0.28338 0.0020991
0.23483 0.24219 0.032882 0.0030864 0.27889 0.00086078
0.23851 0.23851 0.034524 0.0018519 0.22391 0.00041464
0.39764 0.45467 0.030328 -0.0092593 0.28506 -0.0026394
0.38305 0.49041 0.034473 -0.0074074 0.35098 -0.0025998
0.35767 0.51922 0.031924 -0.004321 0.41203 -0.0017804
0.33821 0.5511 0.033447 -0.004321 0.476 -0.0020568
0.32945 0.57076 0.035883 1.3797e-10 0.52188 7.2005e-11
0.32276 0.57745 0.030703 0.0012346 0.52382 0.00064669
0.31762 0.58259 0.033101 0.0092593 0.50684 0.0046929
0.30319 0.58192 0.034382 0.016049 0.49127 0.0078843
0.29658 0.58766 0.032379 0.014198 0.48869 0.0069379
0.29747 0.58678 0.037888 0.015432 0.48319 0.0074564
0.29869 0.58555 0.029718 0.015432 0.47095 0.0072675
0.30004 0.58421 0.032549 0.012963 0.46379 0.0060119
0.30143 0.58282 0.033625 0.014198 0.46197 0.0065587
0.30285 0.58139 0.034513 0.016049 0.45911 0.0073682
0.30442 0.57983 0.037895 0.019136 0.45493 0.008705
0.30556 0.57869 0.027583 0.016667 0.45082 0.0075133
0.30696 0.57729 0.033901 0.011728 0.4435 0.0052014
0.30836 0.57589 0.033938 0.010494 0.43823 0.0045986
0.32887 0.55538 0.032764 0.0074074 0.44329 0.0032836
0.41057 0.47367 0.040915 0.0055556 0.43425 0.0024125
0.43875 0.44549 0.024891 0.0061728 0.41974 0.002591
0.44212 0.44212 0.034044 0.0037037 0.41362 0.0015319
0.44212 0.44212 0.032183 -0.0024691 0.41939 -0.0010355
0.44212 0.44212 0.034206 -0.0055556 0.41708 -0.0023171
0.44212 0.44212 0.039618 -0.008642 0.40039 -0.0034601
0.44212 0.44212 0.027869 -0.008642 0.39199 -0.0033876
0.44212 0.44212 0.031694 -0.0074074 0.3894 -0.0028844
0.44212 0.44212 0.033931 -0.0067901 0.38192 -0.0025933
0.44212 0.44212 0.032911 -0.0061728 0.37074 -0.0022885
0.44212 0.44212 0.036713 -0.011111 0.36251 -0.0040278
0.44212 0.44212 0.029737 -0.011728 0.35016 -0.0041067
0.44212 0.44212 0.034544 -0.0067901 0.33706 -0.0022887
0.44212 0.44212 0.033083 -0.008642 0.33046 -0.0028558
0.44212 0.44212 0.032003 -0.0055556 0.32354 -0.0017974
0.44212 0.44212 0.039873 -0.0074074 0.3124 -0.0023141
0.44212 0.44212 0.026914 -0.0092593 0.30863 -0.0028576
0.43669 0.43669 0.10063 -0.0098765 0.28464 -0.0028112
0.43444 0.43444 0.036506 -0.011111 0.26902 -0.002989
0.43259 0.43259 0.029906 -0.0049383 0.263 -0.0012988
0.43054 0.43054 0.033113 -0.0037037 0.26186 -0.00096986
0.39616 0.39616 0.033297 -0.0067901 0.26547 -0.0018025
0.37617 0.37617 0.034555 -0.0049383 0.26082 -0.001288
0.33152 0.33152 0.039285 -0.0055556 0.24163 -0.0013424
0.28246 0.28246 0.025938 -0.0018519 0.22896 -0.000424
0.23676 0.23676 0.033454 -0.00061728 0.22258 -0.00013739
0.20263 0.20263 0.03499 0.00061728 0.21746 0.00013423
0.089294 0.63527 0.035614 0.026543 0.29827 0.0079161
0.10119 0.62338 0.030383 0.022222 0.28744 0.006387
0.11433 0.61023 0.033585 0.016049 0.27659 0.0044389
0.12785 0.59672 0.03452 0.011111 0.27093 0.0030103
0.36228 0.36228 0.068693 0.0074074 0.25338 0.0018769
0.36228 0.36228 0.030128 0.0037037 0.25426 0.00094169
0.36228 0.36228 0.032757 0.004321 0.2519 0.0010884
0.36228 0.36228 0.033925 0.0024691 0.24112 0.00059535
0.36228 0.36228 0.034562 0.00061728 0.23361 0.00014421
0.36228 0.36228 0.034478 4.5991e-11 0.23446 1.0783e-11
0.36228 0.36228 0.030854 -0.0030864 0.22588 -0.00069716
0.36228 0.36228 0.033571 -0.0024691 0.2088 -0.00051557
0.36228 0.36228 0.035413 -0.0012346 0.21248 -0.00026232
0.36228 0.36228 0.031569 -0.0024691 0.20479 -0.00050565
0.48607 0.48607 0.96914 0.0049383 0.45893 0.0022663
0.40637 0.50981 0.19584 0.0061728 0.41492 0.0025612
0.35001 0.56617 0.036281 0.0098765 0.40971 0.0040465
0.29342 0.61036 0.032175 0.016049 0.40178 0.0064481
0.24101 0.65921 0.031973 0.017284 0.38979 0.0067368
0.21483 0.68538 0.033246 0.017284 0.37732 0.0065213
0.19955 0.69287 0.034249 0.019136 0.36448 0.0069742
0.19229 0.68888 0.035658 0.017901 0.3511 0.0062849
0.18635 0.68294 0.030088 0.017901 0.33982 0.0060829
0.17251 0.6691 0.034123 0.016667 0.33094 0.0055154
0.1556 0.65219 0.032183 0.016667 0.33153 0.0055253
0.14365 0.64024 0.033612 0.019136 0.33091 0.0063318
0.14321 0.62127 0.039594 0.015432 0.31577 0.0048728
0.17462 0.58987 0.027394 0.016049 0.31538 0.0050615
0.23113 0.53335 0.032467 0.016049 0.31417 0.005042
0.28678 0.4777 0.034456 0.017284 0.31904 0.0055139
0.27749 0.48699 0.032365 0.017284 0.32378 0.0055959
0.26702 0.49746 0.036485 0.019136 0.30871 0.005907
0.2583 0.50618 0.030388 0.019753 0.2962 0.0058505
0.23973 0.52475 0.034142 0.02037 0.28929 0.0058925
0.22752 0.54658 0.032477 0.018519 0.29066 0.0053823
0.22401 0.55051 0.034224 0.02037 0.28398 0.0057844
0.21728 0.54763 0.035103 0.02037 0.27319 0.0055645
0.21141 0.54512 0.030634 0.020988 0.26673 0.0055975
0.20549 0.54303 0.033209 0.018519 0.26121 0.0048369
0.20283 0.54568 0.033157 0.017284 0.2549 0.0044055
0.19944 0.55551 0.034444 0.01358 0.24709 0.0033554
0.20787 0.56394 0.038912 0.011728 0.23814 0.0027929
0.21674 0.56371 0.027552 0.0092593 0.23297 0.0021571
0.23638 0.54407 0.032271 0.0061728 0.22748 0.0014042
0.26871 0.51174 0.033353 0.0024691 0.22432 0.00055387
0.35332 0.42713 0.03343 0.0012346 0.21739 0.00026838
0.38199 0.39846 0.036135 -0.0024691 0.20891 -0.00051582
0.38462 0.39583 0.031939 -0.0037037 0.20451 -0.00075745
0.28913 0.28913 0.16622 -0.0098765 0.27509 -0.0027169
0.29195 0.29195 0.033964 -0.029012 0.2765 -0.0080208
0.29461 0.29461 0.032013 -0.044444 0.26762 -0.01189
0.2976 0.2976 0.036113 -0.062346 0.22403 -0.013958
0.18814 0.51247 0.030435 0.017284 0.45374 0.0078421
0.21821 0.4824 0.033445 0.012963 0.54826 0.0071069
0.28942 0.41119 0.03456 0.010494 0.53932 0.0056594
0.34995 0.34995 0.031924 0.0074074 0.52681 0.0039023
0.34631 0.34631 0.037558 0.0012346 0.5172 0.00063852
0.34631 0.34631 0.030154 -0.0012346 0.50577 -0.0006244
0.34631 0.34631 0.032536 -0.0037037 0.49343 -0.0018275
0.34631 0.34631 0.033395 -0.0055556 0.48226 -0.0026792
0.34631 0.34631 0.034411 -0.0067901 0.47945 -0.0032555
0.34631 0.34631 0.035016 -0.0080247 0.47948 -0.0038476
0.34631 0.34631 0.030179 -0.008642 0.47896 -0.0041391
0.34631 0.34631 0.14021 -0.0092593 0.45994 -0.0042587
0.34631 0.34631 0.027677 -0.0092593 0.4574 -0.0042351
0.34631 0.34631 0.031967 -0.0074074 0.45558 -0.0033746
0.34631 0.34631 0.033839 -0.0067901 0.45503 -0.0030897
0.34631 0.34631 0.032959 -0.0055556 0.45431 -0.0025239
0.34631 0.34631 0.036412 -0.004321 0.45436 -0.0019633
0.34631 0.34631 0.031356 -0.0030864 0.45441 -0.0014025
0.34631 0.34631 0.032322 -3.2526e-18 0.45446 -1.4782e-18
0.34631 0.34631 0.03311 -9.1982e-11 0.45443 -4.1799e-11
0.34631 0.34631 0.034408 0.00061728 0.44705 0.00027595
0.34631 0.34631 0.035539 0.00061728 0.4378 0.00027025
0.34631 0.34631 0.029934 -0.0012346 0.42962 -0.00053039
0.34631 0.34631 0.034938 -0.0024691 0.4284 -0.0010578
0.34631 0.34631 0.031927 -0.0030864 0.42349 -0.0013071
0.34631 0.34631 0.033102 -0.0037037 0.41251 -0.0015278
0.34631 0.34631 0.035978 -0.004321 0.41485 -0.0017926
0.34631 0.34631 0.030865 -0.008642 0.40792 -0.0035252
0.34631 0.34631 0.033417 -0.008642 0.39433 -0.0034077
0.34631 0.34631 0.034528 -0.008642 0.38642 -0.0033394
0.34631 0.34631 0.032111 -0.0092593 0.38521 -0.0035667
0.3459 0.3459 0.036339 -0.0092593 0.37474 -0.0034698
0.34315 0.34315 0.030677 -0.008642 0.37232 -0.0032175
0.34016 0.34016 0.033377 -0.0092593 0.3673 -0.0034009
0.33721 0.33721 0.032871 -0.0092593 0.36202 -0.003352
0.33411 0.33411 0.034589 -0.0092593 0.35342 -0.0032723
0.33091 0.33091 0.035741 -0.0074074 0.3332 -0.0024681
0.32824 0.32824 0.029779 -0.0074074 0.32929 -0.0024391
0.32529 0.32529 0.032884 -0.0067901 0.3222 -0.0021878
0.32229 0.32229 0.033453 -0.0055556 0.31663 -0.001759
0.31921 0.31921 0.034285 -0.004321 0.31269 -0.0013511
0.29311 0.29311 0.03946 -0.0037037 0.30181 -0.0011178
0.27005 0.27005 0.028056 -0.0018519 0.29995 -0.00055547
0.22556 0.22556 0.031579 -0.0012346 0.2989 -0.00036901
0.17197 0.17197 0.034282 -0.00061728 0.28545 -0.0001762
